0.003000  0.004100  0.005200  0.006300  0.007400  0.008500  0.009600  0.010700  0.011800  0.012900  0.014000  0.015100  0.016200  0.017300  0.018400  0.019500  0.020600  0.021700  0.022800  0.023900  0.025000  0.026100  0.027200  0.028300  0.029400  0.030500  0.031600  0.032700  0.033800  0.034900  0.036000  0.037100  0.038200  0.039300  0.040400  0.041500  0.042600  0.043700  0.044800  0.045900  0.047000  0.048100  0.049200  0.050300  0.051400  0.052500  0.053600  0.054700  0.055800  0.056900  0.058000  0.059100  0.060200  
1.000132  0.853302  0.692056  0.532990  0.389411  0.269779  0.177411  0.111266  0.067373  0.040416  0.025069  0.016866  0.012565  0.010118  0.008424  0.007004  0.005721  0.004580  0.003617  0.002854  0.002287  0.001890  0.001629  0.001468  0.001376  0.001325  0.001297  0.001282  0.001273  0.001270  0.001272  0.001277  0.001281  0.001281  0.001272  0.001254  0.001230  0.001204  0.001179  0.001156  0.001132  0.001106  0.001075  0.001036  0.000990  0.000940  0.000889  0.000839  0.000790  0.000744  0.000701  0.000660  0.000622  
1.000028  0.842765  0.670743  0.502218  0.351883  0.229076  0.137348  0.075253  0.037916  0.018840  0.011512  0.010485  0.011882  0.013405  0.014025  0.013556  0.012254  0.010514  0.008696  0.007050  0.005707  0.004702  0.004004  0.003548  0.003257  0.003058  0.002892  0.002724  0.002539  0.002345  0.002160  0.002004  0.001888  0.001814  0.001768  0.001732  0.001688  0.001624  0.001539  0.001439  0.001336  0.001239  0.001157  0.001088  0.001032  0.000983  0.000938  0.000895  0.000852  0.000810  0.000769  0.000729  0.000691  
1.000091  0.831955  0.649774  0.473836  0.320203  0.198631  0.112090  0.057755  0.028965  0.017510  0.015637  0.017366  0.019009  0.018979  0.017192  0.014329  0.011231  0.008522  0.006481  0.005098  0.004204  0.003599  0.003133  0.002730  0.002373  0.002071  0.001834  0.001661  0.001541  0.001455  0.001387  0.001329  0.001274  0.001223  0.001176  0.001135  0.001099  0.001067  0.001037  0.001006  0.000974  0.000940  0.000905  0.000869  0.000834  0.000800  0.000768  0.000737  0.000707  0.000678  0.000648  0.000619  0.000590  
1.000087  0.806821  0.604746  0.418605  0.265649  0.153614  0.081353  0.041454  0.023699  0.018213  0.017521  0.017256  0.015772  0.013158  0.010194  0.007603  0.005724  0.004522  0.003767  0.003220  0.002737  0.002285  0.001890  0.001587  0.001387  0.001272  0.001208  0.001166  0.001128  0.001087  0.001044  0.001004  0.000967  0.000933  0.000902  0.000872  0.000843  0.000814  0.000787  0.000760  0.000733  0.000708  0.000683  0.000659  0.000636  0.000614  0.000593  0.000572  0.000552  0.000530  0.000509  0.000487  0.000466  
1.000089  0.821302  0.631072  0.451543  0.299065  0.182218  0.101939  0.053313  0.028226  0.017982  0.015245  0.014993  0.014571  0.013142  0.010923  0.008494  0.006358  0.004765  0.003719  0.003082  0.002683  0.002389  0.002128  0.001882  0.001659  0.001476  0.001345  0.001262  0.001216  0.001191  0.001171  0.001147  0.001114  0.001075  0.001035  0.000999  0.000971  0.000950  0.000934  0.000916  0.000893  0.000864  0.000829  0.000792  0.000755  0.000720  0.000688  0.000659  0.000631  0.000605  0.000579  0.000553  0.000529  
1.000093  0.811427  0.612544  0.427374  0.273158  0.158327  0.082810  0.040214  0.020956  0.015271  0.015349  0.016271  0.015865  0.013897  0.011082  0.008274  0.006026  0.004491  0.003542  0.002949  0.002523  0.002166  0.001856  0.001609  0.001435  0.001327  0.001260  0.001211  0.001163  0.001112  0.001059  0.001011  0.000971  0.000940  0.000915  0.000893  0.000870  0.000845  0.000817  0.000786  0.000754  0.000723  0.000693  0.000665  0.000640  0.000617  0.000596  0.000575  0.000554  0.000533  0.000511  0.000488  0.000467  
1.000059  0.817960  0.622981  0.437820  0.279910  0.159131  0.077490  0.030517  0.009742  0.005435  0.008899  0.013861  0.016869  0.016898  0.014507  0.010929  0.007359  0.004569  0.002820  0.001986  0.001751  0.001784  0.001848  0.001830  0.001713  0.001537  0.001352  0.001196  0.001085  0.001016  0.000978  0.000957  0.000942  0.000927  0.000907  0.000884  0.000858  0.000830  0.000802  0.000774  0.000747  0.000720  0.000693  0.000666  0.000640  0.000613  0.000586  0.000560  0.000535  0.000512  0.000489  0.000468  0.000447  
1.000036  0.838390  0.662396  0.491150  0.339860  0.217937  0.128566  0.069612  0.035385  0.018684  0.012562  0.011502  0.011881  0.011856  0.010896  0.009213  0.007271  0.005480  0.004064  0.003067  0.002419  0.002011  0.001744  0.001556  0.001412  0.001300  0.001214  0.001151  0.001105  0.001070  0.001041  0.001013  0.000986  0.000959  0.000933  0.000907  0.000883  0.000859  0.000836  0.000814  0.000792  0.000770  0.000749  0.000727  0.000703  0.000678  0.000651  0.000623  0.000593  0.000564  0.000535  0.000506  0.000479  
1.000034  0.826287  0.639946  0.462258  0.309367  0.190307  0.106888  0.055141  0.027673  0.016123  0.013100  0.013266  0.013564  0.012818  0.011047  0.008784  0.006591  0.004821  0.003578  0.002789  0.002311  0.002009  0.001788  0.001606  0.001448  0.001317  0.001214  0.001138  0.001085  0.001047  0.001017  0.000991  0.000966  0.000940  0.000915  0.000889  0.000863  0.000836  0.000810  0.000782  0.000754  0.000725  0.000696  0.000669  0.000643  0.000619  0.000596  0.000574  0.000552  0.000529  0.000505  0.000480  0.000455  
1.000032  0.825225  0.637136  0.457192  0.301986  0.181150  0.097019  0.045887  0.020260  0.011346  0.011152  0.013759  0.015717  0.015730  0.013941  0.011158  0.008250  0.005810  0.004073  0.002991  0.002379  0.002036  0.001814  0.001638  0.001481  0.001347  0.001240  0.001160  0.001100  0.001051  0.001007  0.000965  0.000924  0.000886  0.000853  0.000825  0.000803  0.000783  0.000765  0.000744  0.000722  0.000696  0.000668  0.000639  0.000610  0.000582  0.000555  0.000531  0.000509  0.000487  0.000467  0.000447  0.000428  
1.000043  0.828388  0.642391  0.462861  0.306358  0.183036  0.096090  0.042701  0.015993  0.007363  0.008568  0.013149  0.017042  0.018458  0.017300  0.014405  0.010864  0.007575  0.005042  0.003389  0.002479  0.002066  0.001910  0.001841  0.001771  0.001673  0.001556  0.001438  0.001331  0.001243  0.001172  0.001115  0.001067  0.001026  0.000990  0.000957  0.000928  0.000901  0.000874  0.000847  0.000819  0.000790  0.000759  0.000728  0.000697  0.000667  0.000637  0.000609  0.000581  0.000555  0.000529  0.000504  0.000480  
1.000107  0.831628  0.648174  0.469949  0.313294  0.188557  0.099434  0.043735  0.015143  0.005394  0.006312  0.011266  0.015888  0.018069  0.017477  0.014844  0.011284  0.007798  0.005018  0.003171  0.002173  0.001778  0.001710  0.001752  0.001775  0.001731  0.001625  0.001489  0.001354  0.001241  0.001158  0.001103  0.001067  0.001042  0.001018  0.000993  0.000963  0.000931  0.000896  0.000863  0.000831  0.000803  0.000777  0.000753  0.000729  0.000704  0.000679  0.000653  0.000627  0.000601  0.000576  0.000552  0.000530  
1.000085  0.843198  0.670240  0.499321  0.345568  0.219198  0.124765  0.061586  0.025051  0.008374  0.004334  0.006623  0.010636  0.013666  0.014654  0.013687  0.011441  0.008721  0.006172  0.004164  0.002799  0.002002  0.001609  0.001451  0.001398  0.001369  0.001330  0.001275  0.001212  0.001152  0.001102  0.001065  0.001038  0.001017  0.000997  0.000974  0.000947  0.000916  0.000883  0.000851  0.000822  0.000797  0.000777  0.000759  0.000743  0.000726  0.000705  0.000682  0.000657  0.000630  0.000603  0.000577  0.000551  
1.000068  0.839972  0.664290  0.491716  0.337638  0.212168  0.119472  0.058339  0.023659  0.008305  0.004926  0.007286  0.010981  0.013544  0.014119  0.012908  0.010613  0.007999  0.005639  0.003831  0.002631  0.001941  0.001602  0.001461  0.001407  0.001372  0.001330  0.001276  0.001216  0.001157  0.001105  0.001063  0.001029  0.001002  0.000979  0.000958  0.000934  0.000907  0.000877  0.000845  0.000810  0.000776  0.000743  0.000711  0.000683  0.000656  0.000633  0.000612  0.000593  0.000575  0.000557  0.000537  0.000516  
1.000062  0.831503  0.648478  0.471221  0.315872  0.192401  0.104085  0.048429  0.019031  0.007799  0.006918  0.010187  0.013592  0.015219  0.014723  0.012662  0.009892  0.007163  0.004933  0.003360  0.002387  0.001855  0.001592  0.001462  0.001382  0.001313  0.001241  0.001169  0.001102  0.001043  0.000995  0.000957  0.000929  0.000906  0.000888  0.000870  0.000851  0.000830  0.000806  0.000781  0.000754  0.000729  0.000704  0.000682  0.000661  0.000641  0.000622  0.000603  0.000584  0.000563  0.000541  0.000518  0.000494  
1.000054  0.833136  0.651423  0.474848  0.319449  0.195307  0.105963  0.049235  0.018990  0.007285  0.006319  0.009795  0.013551  0.015522  0.015265  0.013297  0.010490  0.007639  0.005255  0.003537  0.002451  0.001843  0.001535  0.001382  0.001296  0.001231  0.001174  0.001122  0.001078  0.001041  0.001009  0.000980  0.000951  0.000922  0.000893  0.000865  0.000838  0.000813  0.000789  0.000766  0.000743  0.000719  0.000695  0.000672  0.000649  0.000629  0.000610  0.000593  0.000575  0.000557  0.000535  0.000512  0.000485  
1.000050  0.833132  0.651527  0.475179  0.320087  0.196253  0.107130  0.050463  0.020090  0.008090  0.006724  0.009779  0.013171  0.014892  0.014519  0.012560  0.009852  0.007150  0.004926  0.003354  0.002382  0.001853  0.001592  0.001460  0.001373  0.001294  0.001212  0.001133  0.001061  0.001001  0.000953  0.000917  0.000889  0.000869  0.000853  0.000842  0.000831  0.000821  0.000809  0.000793  0.000774  0.000750  0.000724  0.000695  0.000666  0.000639  0.000613  0.000590  0.000568  0.000547  0.000525  0.000502  0.000476  
1.000048  0.833706  0.652522  0.476337  0.321142  0.197012  0.107521  0.050532  0.019960  0.007898  0.006573  0.009709  0.013164  0.014897  0.014483  0.012454  0.009678  0.006933  0.004704  0.003154  0.002220  0.001727  0.001492  0.001374  0.001293  0.001218  0.001143  0.001075  0.001018  0.000974  0.000939  0.000910  0.000884  0.000859  0.000836  0.000815  0.000796  0.000778  0.000761  0.000743  0.000725  0.000704  0.000682  0.000659  0.000636  0.000613  0.000591  0.000570  0.000549  0.000529  0.000507  0.000483  0.000459  
1.000069  0.836369  0.657391  0.482497  0.327486  0.202551  0.111616  0.052998  0.021018  0.008030  0.006325  0.009529  0.013309  0.015417  0.015275  0.013345  0.010503  0.007586  0.005150  0.003417  0.002354  0.001790  0.001526  0.001403  0.001323  0.001246  0.001166  0.001093  0.001032  0.000989  0.000959  0.000938  0.000920  0.000903  0.000885  0.000864  0.000842  0.000819  0.000796  0.000772  0.000749  0.000727  0.000705  0.000682  0.000659  0.000636  0.000614  0.000592  0.000571  0.000551  0.000531  0.000512  0.000491  
1.000078  0.836276  0.657180  0.482173  0.327082  0.202123  0.111240  0.052746  0.020946  0.008157  0.006635  0.009974  0.013822  0.015933  0.015742  0.013732  0.010802  0.007804  0.005301  0.003519  0.002422  0.001834  0.001554  0.001423  0.001341  0.001268  0.001196  0.001128  0.001070  0.001023  0.000984  0.000952  0.000923  0.000898  0.000876  0.000858  0.000842  0.000826  0.000810  0.000792  0.000771  0.000748  0.000724  0.000700  0.000676  0.000653  0.000631  0.000610  0.000589  0.000568  0.000546  0.000523  0.000499  
1.000071  0.833804  0.652631  0.476369  0.321016  0.196686  0.107007  0.049907  0.019344  0.007428  0.006362  0.009820  0.013592  0.015575  0.015300  0.013287  0.010422  0.007522  0.005115  0.003408  0.002359  0.001802  0.001541  0.001422  0.001347  0.001272  0.001190  0.001107  0.001034  0.000976  0.000935  0.000906  0.000886  0.000870  0.000856  0.000841  0.000826  0.000811  0.000795  0.000779  0.000761  0.000742  0.000719  0.000694  0.000668  0.000643  0.000619  0.000597  0.000577  0.000558  0.000539  0.000518  0.000496  
1.000072  0.837443  0.659224  0.484571  0.329256  0.203619  0.111838  0.052500  0.020122  0.007126  0.005742  0.009448  0.013732  0.016205  0.016219  0.014241  0.011208  0.008044  0.005380  0.003484  0.002335  0.001750  0.001503  0.001408  0.001352  0.001285  0.001202  0.001116  0.001039  0.000980  0.000937  0.000908  0.000889  0.000875  0.000864  0.000853  0.000841  0.000826  0.000808  0.000787  0.000764  0.000740  0.000716  0.000692  0.000669  0.000646  0.000623  0.000599  0.000574  0.000549  0.000525  0.000501  0.000479  