0.003000  0.004100  0.005200  0.006300  0.007400  0.008500  0.009600  0.010700  0.011800  0.012900  0.014000  0.015100  0.016200  0.017300  0.018400  0.019500  0.020600  0.021700  0.022800  0.023900  0.025000  0.026100  0.027200  0.028300  0.029400  0.030500  0.031600  0.032700  0.033800  0.034900  0.036000  0.037100  0.038200  0.039300  0.040400  0.041500  0.042600  0.043700  0.044800  0.045900  0.047000  0.048100  0.049200  0.050300  0.051400  0.052500  0.053600  0.054700  0.055800  0.056900  0.058000  0.059100  0.060200  
1.000110  0.691430  0.412321  0.204212  0.079579  0.025746  0.016534  0.025294  0.033784  0.034652  0.028743  0.020329  0.013164  0.008778  0.006764  0.005939  0.005345  0.004612  0.003808  0.003121  0.002644  0.002348  0.002145  0.001965  0.001785  0.001610  0.001456  0.001332  0.001240  0.001174  0.001128  0.001096  0.001074  0.001056  0.001039  0.001017  0.000990  0.000958  0.000925  0.000890  0.000854  0.000816  0.000778  0.000743  0.000714  0.000691  0.000672  0.000651  0.000625  0.000594  0.000562  0.000532  0.000507  
1.000138  0.731026  0.474043  0.266019  0.124098  0.045901  0.015685  0.012980  0.020031  0.025808  0.026275  0.022189  0.016214  0.010737  0.006924  0.004803  0.003823  0.003378  0.003079  0.002777  0.002466  0.002181  0.001950  0.001777  0.001653  0.001564  0.001499  0.001445  0.001394  0.001340  0.001282  0.001222  0.001168  0.001127  0.001103  0.001091  0.001081  0.001061  0.001026  0.000980  0.000931  0.000888  0.000853  0.000823  0.000792  0.000758  0.000720  0.000682  0.000648  0.000620  0.000595  0.000572  0.000548  
1.000129  0.711586  0.442636  0.232686  0.097386  0.030133  0.010476  0.014714  0.024199  0.028978  0.026966  0.020646  0.013562  0.008118  0.005009  0.003723  0.003368  0.003248  0.003044  0.002723  0.002369  0.002060  0.001826  0.001663  0.001550  0.001470  0.001408  0.001355  0.001305  0.001255  0.001208  0.001169  0.001145  0.001134  0.001128  0.001115  0.001084  0.001035  0.000977  0.000923  0.000883  0.000858  0.000838  0.000816  0.000786  0.000748  0.000709  0.000672  0.000639  0.000611  0.000583  0.000556  0.000529  
1.000129  0.711338  0.442505  0.232910  0.097925  0.030704  0.010745  0.014503  0.023582  0.028211  0.026327  0.020290  0.013474  0.008172  0.005062  0.003697  0.003264  0.003113  0.002926  0.002648  0.002335  0.002053  0.001838  0.001691  0.001599  0.001541  0.001496  0.001449  0.001387  0.001313  0.001239  0.001184  0.001158  0.001159  0.001171  0.001168  0.001137  0.001078  0.001008  0.000947  0.000906  0.000882  0.000861  0.000832  0.000793  0.000747  0.000702  0.000665  0.000634  0.000607  0.000580  0.000552  0.000525  
1.000126  0.714645  0.447594  0.237900  0.101381  0.032098  0.010428  0.013313  0.022352  0.027437  0.026095  0.020405  0.013671  0.008266  0.005003  0.003534  0.003080  0.002976  0.002865  0.002654  0.002381  0.002107  0.001871  0.001687  0.001554  0.001462  0.001397  0.001345  0.001296  0.001244  0.001193  0.001152  0.001129  0.001123  0.001121  0.001109  0.001075  0.001019  0.000954  0.000898  0.000861  0.000843  0.000833  0.000818  0.000791  0.000752  0.000709  0.000666  0.000629  0.000598  0.000570  0.000544  0.000518  
1.000126  0.714217  0.446853  0.237040  0.100601  0.031536  0.010121  0.013204  0.022338  0.027418  0.026019  0.020280  0.013540  0.008178  0.004982  0.003571  0.003141  0.003023  0.002874  0.002622  0.002322  0.002044  0.001826  0.001674  0.001575  0.001513  0.001469  0.001430  0.001385  0.001332  0.001276  0.001228  0.001198  0.001186  0.001182  0.001169  0.001133  0.001073  0.001001  0.000933  0.000883  0.000853  0.000833  0.000813  0.000785  0.000748  0.000709  0.000672  0.000638  0.000608  0.000579  0.000551  0.000523  
1.000195  0.723906  0.461788  0.251781  0.110956  0.035928  0.009563  0.010174  0.019331  0.025917  0.026239  0.021554  0.014969  0.009131  0.005279  0.003380  0.002759  0.002686  0.002688  0.002578  0.002357  0.002091  0.001842  0.001642  0.001501  0.001411  0.001360  0.001331  0.001308  0.001280  0.001240  0.001194  0.001152  0.001122  0.001107  0.001098  0.001081  0.001048  0.000998  0.000943  0.000894  0.000862  0.000843  0.000829  0.000810  0.000779  0.000741  0.000703  0.000669  0.000644  0.000625  0.000606  0.000586  
1.000288  0.721485  0.457984  0.247986  0.108225  0.034624  0.009384  0.010466  0.019472  0.025590  0.025472  0.020599  0.014106  0.008534  0.004969  0.003273  0.002740  0.002671  0.002642  0.002509  0.002289  0.002048  0.001835  0.001672  0.001559  0.001488  0.001448  0.001425  0.001406  0.001380  0.001343  0.001298  0.001256  0.001229  0.001218  0.001213  0.001200  0.001167  0.001111  0.001044  0.000982  0.000938  0.000911  0.000896  0.000880  0.000858  0.000826  0.000791  0.000755  0.000723  0.000695  0.000671  0.000648  
1.000295  0.722967  0.460670  0.251301  0.111467  0.037199  0.010979  0.011114  0.019482  0.025374  0.025372  0.020780  0.014548  0.009101  0.005510  0.003692  0.003015  0.002834  0.002745  0.002593  0.002374  0.002135  0.001921  0.001754  0.001637  0.001564  0.001520  0.001488  0.001454  0.001406  0.001345  0.001282  0.001232  0.001204  0.001195  0.001193  0.001180  0.001145  0.001092  0.001032  0.000981  0.000945  0.000924  0.000907  0.000888  0.000861  0.000829  0.000794  0.000762  0.000733  0.000708  0.000684  0.000662  
1.000417  0.712884  0.445130  0.236136  0.101088  0.033146  0.012006  0.014456  0.022444  0.026436  0.024437  0.018704  0.012406  0.007621  0.004880  0.003686  0.003259  0.003029  0.002757  0.002433  0.002126  0.001885  0.001718  0.001608  0.001531  0.001471  0.001417  0.001365  0.001316  0.001270  0.001234  0.001211  0.001200  0.001197  0.001191  0.001175  0.001147  0.001110  0.001075  0.001046  0.001025  0.001007  0.000987  0.000964  0.000940  0.000917  0.000896  0.000875  0.000852  0.000826  0.000799  0.000773  0.000750  
1.000380  0.722867  0.460014  0.249945  0.109642  0.035423  0.009794  0.010806  0.019949  0.026218  0.026127  0.021133  0.014446  0.008700  0.005041  0.003324  0.002804  0.002742  0.002698  0.002536  0.002288  0.002030  0.001812  0.001647  0.001529  0.001443  0.001379  0.001330  0.001288  0.001251  0.001217  0.001191  0.001174  0.001168  0.001165  0.001157  0.001135  0.001099  0.001055  0.001015  0.000987  0.000972  0.000962  0.000949  0.000926  0.000895  0.000860  0.000830  0.000805  0.000785  0.000767  0.000747  0.000724  
1.000339  0.722238  0.459275  0.249581  0.109913  0.036265  0.010896  0.011795  0.020570  0.026417  0.026026  0.020928  0.014298  0.008680  0.005131  0.003463  0.002931  0.002823  0.002728  0.002525  0.002250  0.001978  0.001756  0.001596  0.001490  0.001422  0.001376  0.001341  0.001308  0.001275  0.001240  0.001207  0.001179  0.001157  0.001140  0.001121  0.001096  0.001063  0.001027  0.000994  0.000968  0.000951  0.000937  0.000920  0.000897  0.000866  0.000833  0.000801  0.000772  0.000747  0.000724  0.000703  0.000682  
1.000427  0.720551  0.456036  0.245513  0.106056  0.033630  0.010088  0.012792  0.022781  0.028976  0.028170  0.022267  0.014867  0.008795  0.005158  0.003637  0.003298  0.003296  0.003182  0.002877  0.002485  0.002125  0.001856  0.001678  0.001564  0.001486  0.001425  0.001374  0.001329  0.001289  0.001256  0.001230  0.001211  0.001199  0.001189  0.001178  0.001161  0.001134  0.001099  0.001062  0.001029  0.001005  0.000988  0.000975  0.000960  0.000940  0.000917  0.000891  0.000866  0.000842  0.000819  0.000797  0.000776  
1.000447  0.721896  0.458321  0.248098  0.108269  0.034992  0.010441  0.012298  0.021804  0.027914  0.027307  0.021713  0.014583  0.008666  0.005075  0.003542  0.003184  0.003180  0.003083  0.002800  0.002423  0.002071  0.001808  0.001638  0.001536  0.001474  0.001428  0.001388  0.001348  0.001309  0.001271  0.001238  0.001212  0.001195  0.001184  0.001172  0.001155  0.001131  0.001103  0.001076  0.001054  0.001038  0.001024  0.001008  0.000984  0.000955  0.000924  0.000895  0.000869  0.000848  0.000828  0.000808  0.000788  
1.000447  0.722916  0.459991  0.249903  0.109753  0.035897  0.010743  0.012152  0.021435  0.027520  0.027007  0.021543  0.014519  0.008663  0.005088  0.003540  0.003152  0.003119  0.003002  0.002715  0.002349  0.002018  0.001779  0.001628  0.001537  0.001473  0.001418  0.001365  0.001313  0.001267  0.001231  0.001207  0.001194  0.001188  0.001183  0.001170  0.001148  0.001116  0.001082  0.001053  0.001034  0.001024  0.001017  0.001004  0.000982  0.000952  0.000920  0.000890  0.000867  0.000849  0.000833  0.000816  0.000796  