0.003000  0.004100  0.005200  0.006300  0.007400  0.008500  0.009600  0.010700  0.011800  0.012900  0.014000  0.015100  0.016200  0.017300  0.018400  0.019500  0.020600  0.021700  0.022800  0.023900  0.025000  0.026100  0.027200  0.028300  0.029400  0.030500  0.031600  0.032700  0.033800  0.034900  0.036000  0.037100  0.038200  0.039300  0.040400  0.041500  0.042600  0.043700  0.044800  0.045900  0.047000  0.048100  0.049200  0.050300  0.051400  0.052500  0.053600  0.054700  0.055800  0.056900  0.058000  0.059100  0.060200  
1.000100  0.745450  0.503543  0.307025  0.169400  0.087027  0.045968  0.029714  0.024720  0.022664  0.020036  0.016404  0.012610  0.009533  0.007548  0.006508  0.005979  0.005526  0.004903  0.004106  0.003287  0.002618  0.002183  0.001948  0.001812  0.001689  0.001545  0.001400  0.001283  0.001206  0.001154  0.001103  0.001041  0.000970  0.000900  0.000842  0.000797  0.000763  0.000735  0.000711  0.000688  0.000666  0.000645  0.000624  0.000602  0.000580  0.000557  0.000535  0.000513  0.000494  0.000475  0.000458  0.000440  
1.000017  0.787857  0.572945  0.382447  0.232649  0.128102  0.064083  0.030713  0.016979  0.013530  0.013913  0.014565  0.014113  0.012500  0.010244  0.007944  0.006029  0.004672  0.003827  0.003320  0.002959  0.002611  0.002238  0.001876  0.001584  0.001394  0.001296  0.001250  0.001210  0.001151  0.001072  0.000990  0.000919  0.000868  0.000833  0.000808  0.000787  0.000764  0.000739  0.000711  0.000680  0.000648  0.000615  0.000582  0.000550  0.000520  0.000493  0.000470  0.000450  0.000431  0.000413  0.000395  0.000377  
1.000035  0.772756  0.546085  0.349932  0.201242  0.103164  0.048261  0.023732  0.016433  0.016185  0.016945  0.016290  0.014095  0.011186  0.008420  0.006276  0.004834  0.003932  0.003339  0.002872  0.002442  0.002040  0.001699  0.001451  0.001303  0.001229  0.001189  0.001145  0.001080  0.000998  0.000918  0.000858  0.000823  0.000805  0.000793  0.000774  0.000747  0.000714  0.000678  0.000643  0.000610  0.000579  0.000552  0.000529  0.000510  0.000494  0.000480  0.000465  0.000447  0.000428  0.000409  0.000389  0.000371  
1.000038  0.764153  0.531381  0.332938  0.185653  0.091456  0.041263  0.020865  0.016346  0.017428  0.018429  0.017445  0.014788  0.011532  0.008597  0.006419  0.005003  0.004124  0.003529  0.003041  0.002589  0.002176  0.001836  0.001593  0.001443  0.001354  0.001288  0.001218  0.001135  0.001049  0.000974  0.000916  0.000874  0.000839  0.000803  0.000767  0.000732  0.000701  0.000674  0.000648  0.000620  0.000591  0.000562  0.000536  0.000513  0.000494  0.000477  0.000460  0.000443  0.000426  0.000409  0.000391  0.000373  
1.000037  0.760449  0.525078  0.325664  0.178931  0.086257  0.037875  0.019040  0.015579  0.017226  0.018447  0.017508  0.014839  0.011565  0.008617  0.006428  0.005000  0.004114  0.003519  0.003035  0.002585  0.002169  0.001825  0.001582  0.001440  0.001370  0.001325  0.001268  0.001184  0.001081  0.000980  0.000901  0.000847  0.000811  0.000783  0.000753  0.000719  0.000684  0.000651  0.000621  0.000594  0.000570  0.000548  0.000529  0.000511  0.000495  0.000478  0.000460  0.000441  0.000422  0.000403  0.000385  0.000368  
1.000018  0.776687  0.551236  0.353203  0.200536  0.098173  0.040387  0.015308  0.009698  0.012502  0.016510  0.018338  0.017390  0.014529  0.010991  0.007750  0.005309  0.003751  0.002905  0.002511  0.002327  0.002190  0.002026  0.001824  0.001614  0.001429  0.001290  0.001192  0.001120  0.001054  0.000987  0.000920  0.000863  0.000821  0.000793  0.000769  0.000741  0.000707  0.000667  0.000629  0.000598  0.000574  0.000557  0.000541  0.000525  0.000507  0.000488  0.000469  0.000450  0.000431  0.000411  0.000391  0.000371  
1.000069  0.782599  0.561236  0.364772  0.211416  0.107025  0.046898  0.019856  0.012874  0.014748  0.018028  0.019194  0.017667  0.014414  0.010742  0.007598  0.005368  0.003995  0.003213  0.002745  0.002402  0.002101  0.001827  0.001594  0.001416  0.001292  0.001208  0.001147  0.001092  0.001036  0.000977  0.000918  0.000866  0.000824  0.000792  0.000770  0.000751  0.000734  0.000716  0.000697  0.000678  0.000657  0.000635  0.000611  0.000584  0.000557  0.000531  0.000508  0.000487  0.000469  0.000451  0.000434  0.000417  
1.000074  0.785481  0.565024  0.367202  0.210949  0.103462  0.041347  0.014137  0.008698  0.013071  0.018814  0.021622  0.020600  0.016867  0.012179  0.007970  0.004965  0.003229  0.002437  0.002162  0.002067  0.001969  0.001815  0.001623  0.001430  0.001265  0.001135  0.001038  0.000967  0.000912  0.000870  0.000837  0.000811  0.000790  0.000772  0.000754  0.000734  0.000713  0.000690  0.000666  0.000643  0.000622  0.000601  0.000582  0.000563  0.000544  0.000524  0.000504  0.000484  0.000464  0.000445  0.000427  0.000410  
1.000071  0.793315  0.578567  0.383009  0.225508  0.114297  0.047574  0.016384  0.008521  0.012191  0.018501  0.022412  0.022362  0.019097  0.014326  0.009675  0.006130  0.003957  0.002915  0.002556  0.002466  0.002386  0.002221  0.001984  0.001730  0.001507  0.001338  0.001221  0.001141  0.001082  0.001031  0.000983  0.000937  0.000894  0.000856  0.000823  0.000794  0.000768  0.000744  0.000719  0.000693  0.000666  0.000640  0.000614  0.000590  0.000566  0.000543  0.000521  0.000499  0.000479  0.000460  0.000442  0.000424  
1.000135  0.780448  0.556382  0.357265  0.202010  0.097099  0.038113  0.013665  0.010091  0.015339  0.021201  0.023719  0.022299  0.018231  0.013318  0.008973  0.005887  0.004098  0.003271  0.002972  0.002852  0.002717  0.002506  0.002244  0.001981  0.001758  0.001591  0.001473  0.001386  0.001310  0.001231  0.001150  0.001072  0.001007  0.000960  0.000931  0.000913  0.000897  0.000877  0.000849  0.000815  0.000779  0.000744  0.000713  0.000684  0.000658  0.000633  0.000610  0.000589  0.000570  0.000550  0.000530  0.000509  
1.000138  0.785755  0.564577  0.365246  0.207324  0.098828  0.036993  0.011486  0.008740  0.015986  0.023941  0.027753  0.026450  0.021505  0.015249  0.009663  0.005799  0.003772  0.003091  0.003083  0.003199  0.003150  0.002885  0.002490  0.002083  0.001748  0.001512  0.001362  0.001269  0.001203  0.001148  0.001097  0.001047  0.001001  0.000957  0.000916  0.000878  0.000842  0.000810  0.000780  0.000754  0.000730  0.000707  0.000684  0.000661  0.000638  0.000615  0.000592  0.000570  0.000550  0.000532  0.000515  0.000499  
1.000068  0.784417  0.562848  0.364143  0.207528  0.100389  0.039316  0.013607  0.009738  0.015349  0.021727  0.024511  0.022961  0.018475  0.013086  0.008411  0.005220  0.003505  0.002818  0.002623  0.002526  0.002345  0.002065  0.001751  0.001469  0.001257  0.001114  0.001023  0.000963  0.000920  0.000884  0.000853  0.000823  0.000793  0.000762  0.000730  0.000700  0.000673  0.000651  0.000635  0.000622  0.000611  0.000598  0.000582  0.000562  0.000538  0.000514  0.000489  0.000467  0.000446  0.000427  0.000410  0.000394  
1.000072  0.785311  0.564266  0.365629  0.208742  0.101229  0.039916  0.014214  0.010563  0.016457  0.023018  0.025793  0.024052  0.019284  0.013637  0.008802  0.005560  0.003861  0.003198  0.002993  0.002843  0.002589  0.002245  0.001894  0.001604  0.001396  0.001256  0.001154  0.001071  0.001000  0.000941  0.000896  0.000863  0.000837  0.000812  0.000787  0.000761  0.000736  0.000713  0.000692  0.000672  0.000651  0.000629  0.000606  0.000583  0.000561  0.000539  0.000517  0.000496  0.000476  0.000455  0.000436  0.000417  
1.000069  0.777792  0.551276  0.350555  0.195121  0.091660  0.035425  0.014254  0.013527  0.020433  0.026475  0.027952  0.024894  0.019289  0.013413  0.008802  0.005947  0.004548  0.003975  0.003666  0.003313  0.002861  0.002386  0.001978  0.001677  0.001468  0.001315  0.001186  0.001071  0.000975  0.000904  0.000857  0.000826  0.000800  0.000772  0.000741  0.000708  0.000678  0.000652  0.000629  0.000609  0.000591  0.000574  0.000558  0.000542  0.000525  0.000506  0.000487  0.000467  0.000448  0.000430  0.000413  0.000398  
1.000069  0.778542  0.552554  0.351975  0.196264  0.092208  0.035266  0.013503  0.012473  0.019422  0.025780  0.027686  0.024996  0.019577  0.013682  0.008906  0.005850  0.004312  0.003708  0.003465  0.003226  0.002878  0.002463  0.002070  0.001757  0.001536  0.001383  0.001267  0.001167  0.001075  0.000992  0.000921  0.000863  0.000818  0.000781  0.000752  0.000727  0.000705  0.000685  0.000666  0.000648  0.000629  0.000609  0.000589  0.000570  0.000551  0.000532  0.000514  0.000495  0.000476  0.000456  0.000437  0.000419  
1.000079  0.778741  0.552800  0.352105  0.196164  0.091853  0.034726  0.012901  0.011927  0.019001  0.025487  0.027474  0.024798  0.019340  0.013387  0.008568  0.005501  0.003985  0.003427  0.003237  0.003044  0.002729  0.002333  0.001945  0.001632  0.001408  0.001255  0.001145  0.001058  0.000983  0.000919  0.000867  0.000827  0.000795  0.000769  0.000747  0.000728  0.000711  0.000692  0.000673  0.000652  0.000630  0.000609  0.000590  0.000571  0.000553  0.000534  0.000513  0.000492  0.000471  0.000450  0.000429  0.000411  
1.000078  0.779771  0.554695  0.354517  0.198678  0.094105  0.036480  0.014085  0.012611  0.019340  0.025663  0.027638  0.025047  0.019707  0.013854  0.009087  0.006016  0.004447  0.003805  0.003520  0.003242  0.002863  0.002429  0.002025  0.001709  0.001486  0.001329  0.001209  0.001106  0.001014  0.000936  0.000874  0.000827  0.000791  0.000763  0.000739  0.000718  0.000698  0.000680  0.000663  0.000644  0.000623  0.000602  0.000579  0.000557  0.000537  0.000517  0.000500  0.000483  0.000467  0.000451  0.000435  0.000418  
1.000076  0.778727  0.552930  0.352527  0.196948  0.092951  0.035976  0.014087  0.012856  0.019572  0.025718  0.027484  0.024751  0.019381  0.013592  0.008929  0.005950  0.004429  0.003790  0.003484  0.003184  0.002799  0.002374  0.001988  0.001686  0.001467  0.001306  0.001178  0.001070  0.000979  0.000906  0.000853  0.000813  0.000782  0.000756  0.000732  0.000711  0.000693  0.000676  0.000659  0.000640  0.000621  0.000601  0.000581  0.000563  0.000545  0.000528  0.000510  0.000491  0.000472  0.000453  0.000434  0.000416  
1.000093  0.778544  0.552525  0.351909  0.196161  0.092071  0.035104  0.013331  0.012310  0.019289  0.025699  0.027675  0.025059  0.019701  0.013838  0.009056  0.005955  0.004349  0.003674  0.003377  0.003113  0.002767  0.002371  0.001998  0.001695  0.001469  0.001302  0.001170  0.001060  0.000969  0.000899  0.000848  0.000815  0.000793  0.000778  0.000764  0.000750  0.000734  0.000715  0.000694  0.000672  0.000649  0.000627  0.000607  0.000587  0.000567  0.000546  0.000524  0.000501  0.000479  0.000459  0.000440  0.000424  
1.000089  0.779355  0.554091  0.354019  0.198507  0.094324  0.036982  0.014655  0.013027  0.019469  0.025498  0.027284  0.024656  0.019412  0.013719  0.009099  0.006110  0.004546  0.003855  0.003507  0.003183  0.002788  0.002363  0.001980  0.001678  0.001458  0.001295  0.001165  0.001057  0.000968  0.000901  0.000853  0.000821  0.000797  0.000775  0.000754  0.000732  0.000710  0.000689  0.000669  0.000651  0.000635  0.000620  0.000606  0.000593  0.000578  0.000561  0.000542  0.000521  0.000499  0.000477  0.000456  0.000436  
1.000087  0.781249  0.557291  0.357616  0.201607  0.096336  0.037754  0.014436  0.012291  0.018696  0.025007  0.027170  0.024828  0.019692  0.013943  0.009183  0.006057  0.004417  0.003721  0.003412  0.003137  0.002775  0.002359  0.001968  0.001656  0.001433  0.001276  0.001157  0.001056  0.000967  0.000891  0.000831  0.000787  0.000755  0.000733  0.000717  0.000706  0.000697  0.000689  0.000678  0.000665  0.000648  0.000629  0.000609  0.000588  0.000567  0.000547  0.000527  0.000509  0.000491  0.000473  0.000456  0.000438  
1.000112  0.781582  0.557687  0.357793  0.201371  0.095665  0.036806  0.013475  0.011579  0.018394  0.025124  0.027580  0.025332  0.020103  0.014146  0.009158  0.005864  0.004153  0.003478  0.003248  0.003067  0.002781  0.002408  0.002027  0.001703  0.001459  0.001284  0.001155  0.001055  0.000977  0.000917  0.000873  0.000841  0.000816  0.000793  0.000772  0.000751  0.000730  0.000710  0.000689  0.000669  0.000650  0.000631  0.000614  0.000598  0.000583  0.000567  0.000549  0.000530  0.000509  0.000489  0.000469  0.000450  
1.000112  0.779026  0.553251  0.352603  0.196611  0.092209  0.035010  0.013175  0.012258  0.019428  0.026010  0.028059  0.025396  0.019908  0.013897  0.009009  0.005875  0.004298  0.003683  0.003442  0.003207  0.002861  0.002449  0.002058  0.001744  0.001517  0.001352  0.001221  0.001106  0.001006  0.000924  0.000863  0.000820  0.000789  0.000765  0.000743  0.000723  0.000704  0.000687  0.000672  0.000658  0.000644  0.000629  0.000613  0.000597  0.000580  0.000563  0.000546  0.000529  0.000513  0.000496  0.000479  0.000461  