0.00300000 1.00000000
0.00380000 0.84897902
0.00460000 0.68983551
0.00540000 0.53425837
0.00620000 0.39207826
0.00700000 0.27037253
0.00780000 0.17304886
0.00860000 0.10091409
0.00940000 0.05215250
0.01020000 0.02307866
0.01100000 0.00900351
0.01180000 0.00505877
0.01260000 0.00685915
0.01340000 0.01093230
0.01420000 0.01490143
0.01500000 0.01745176
0.01580000 0.01814325
0.01660000 0.01714412
0.01740000 0.01495443
0.01820000 0.01217154
0.01900000 0.00932614
0.01980000 0.00679504
0.02060000 0.00477973
0.02140000 0.00333021
0.02220000 0.00239161
0.02300000 0.00185439
0.02380000 0.00159571
0.02460000 0.00150648
0.02540000 0.00150414
0.02620000 0.00153438
0.02700000 0.00156666
0.02780000 0.00158708
0.02860000 0.00159165
0.02940000 0.00158118
0.03020000 0.00155804
0.03100000 0.00152464
0.03180000 0.00148303
0.03260000 0.00143517
0.03340000 0.00138348
0.03420000 0.00133122
0.03500000 0.00128252
0.03580000 0.00124189
0.03660000 0.00121331
0.03740000 0.00119917
0.03820000 0.00119932
0.03900000 0.00121080
0.03980000 0.00122828
0.04060000 0.00124531
0.04140000 0.00125594
0.04220000 0.00125630
