0.00300000 1.00000000
0.00380000 0.88532101
0.00460000 0.75941871
0.00540000 0.62980988
0.00620000 0.50353501
0.00700000 0.38659005
0.00780000 0.28351493
0.00860000 0.19717278
0.00940000 0.12872644
0.01020000 0.07779343
0.01100000 0.04273976
0.01180000 0.02105996
0.01260000 0.00978600
0.01340000 0.00587219
0.01420000 0.00651364
0.01500000 0.00937178
0.01580000 0.01269656
0.01660000 0.01535126
0.01740000 0.01675749
0.01820000 0.01678562
0.01900000 0.01561831
0.01980000 0.01361225
0.02060000 0.01117806
0.02140000 0.00869051
0.02220000 0.00643381
0.02300000 0.00457997
0.02380000 0.00319362
0.02460000 0.00225412
0.02540000 0.00168582
0.02620000 0.00138827
0.02700000 0.00126104
0.02780000 0.00122029
0.02860000 0.00120662
0.02940000 0.00118571
0.03020000 0.00114405
0.03100000 0.00108231
0.03180000 0.00100858
0.03260000 0.00093281
0.03340000 0.00086333
0.03420000 0.00080519
0.03500000 0.00076015
0.03580000 0.00072748
0.03660000 0.00070508
0.03740000 0.00069051
0.03820000 0.00068164
0.03900000 0.00067685
0.03980000 0.00067504
0.04060000 0.00067544
0.04140000 0.00067737
0.04220000 0.00068013
