0.00300000 1.00000000
0.00380000 0.79769646
0.00460000 0.59664916
0.00540000 0.41455771
0.00620000 0.26382443
0.00700000 0.15051364
0.00780000 0.07458397
0.00860000 0.03116065
0.00940000 0.01242243
0.01020000 0.00961261
0.01100000 0.01474427
0.01180000 0.02172148
0.01260000 0.02678703
0.01340000 0.02837871
0.01420000 0.02658968
0.01500000 0.02246793
0.01580000 0.01736102
0.01660000 0.01244080
0.01740000 0.00845696
0.01820000 0.00569604
0.01900000 0.00407881
0.01980000 0.00331720
0.02060000 0.00306547
0.02140000 0.00302682
0.02220000 0.00300416
0.02300000 0.00290382
0.02380000 0.00271093
0.02460000 0.00245530
0.02540000 0.00218114
0.02620000 0.00192727
0.02700000 0.00171805
0.02780000 0.00156250
0.02860000 0.00145763
0.02940000 0.00139321
0.03020000 0.00135593
0.03100000 0.00133248
0.03180000 0.00131155
0.03260000 0.00128510
0.03340000 0.00124915
0.03420000 0.00120410
0.03500000 0.00115450
0.03580000 0.00110801
0.03660000 0.00107348
0.03740000 0.00105838
0.03820000 0.00106628
0.03900000 0.00109505
0.03980000 0.00113664
0.04060000 0.00117881
0.04140000 0.00120831
0.04220000 0.00121481
