0.00300000 1.00000000
0.00380000 0.84179191
0.00460000 0.67615249
0.00540000 0.51566950
0.00620000 0.37080812
0.00700000 0.24892936
0.00780000 0.15384748
0.00860000 0.08593497
0.00940000 0.04269054
0.01020000 0.01961720
0.01100000 0.01122523
0.01180000 0.01198052
0.01260000 0.01705664
0.01340000 0.02280779
0.01420000 0.02694356
0.01500000 0.02844382
0.01580000 0.02729022
0.01660000 0.02410772
0.01740000 0.01980426
0.01820000 0.01527520
0.01900000 0.01120982
0.01980000 0.00800650
0.02060000 0.00577973
0.02140000 0.00442786
0.02220000 0.00372670
0.02300000 0.00341940
0.02380000 0.00328317
0.02460000 0.00316482
0.02540000 0.00298739
0.02620000 0.00273623
0.02700000 0.00243513
0.02780000 0.00212227
0.02860000 0.00183205
0.02940000 0.00158556
0.03020000 0.00138888
0.03100000 0.00123667
0.03180000 0.00111798
0.03260000 0.00102152
0.03340000 0.00093901
0.03420000 0.00086628
0.03500000 0.00080248
0.03580000 0.00074849
0.03660000 0.00070525
0.03740000 0.00067268
0.03820000 0.00064937
0.03900000 0.00063290
0.03980000 0.00062047
0.04060000 0.00060965
0.04140000 0.00059883
0.04220000 0.00058738
