0.00300000 1.00030903
0.00499038 0.44607077
0.00698077 0.10778003
0.00897115 0.01668615
0.01096154 0.02492303
0.01295192 0.02679908
0.01494231 0.01437346
0.01693269 0.00618765
0.01892308 0.00406475
0.02091346 0.00306591
0.02290385 0.00217699
0.02489423 0.00173033
0.02688462 0.00145564
0.02887500 0.00127594
0.03086538 0.00121661
0.03285577 0.00116244
0.03484615 0.00107704
0.03683654 0.00099408
0.03882692 0.00091274
0.04081731 0.00083299
0.04280769 0.00076313
0.04479808 0.00070101
0.04678846 0.00064551
0.04877885 0.00059522
0.05076923 0.00054675
0.05275962 0.00050343
0.05475000 0.00046861
0.05674038 0.00043891
0.05873077 0.00041166
0.06072115 0.00038777
0.06271154 0.00036770
0.06470192 0.00035112
0.06669231 0.00033803
0.06868269 0.00032812
0.07067308 0.00032075
0.07266346 0.00031545
0.07465385 0.00031191
0.07664423 0.00030987
0.07863462 0.00030907
0.08062500 0.00030922
0.08261538 0.00031006
0.08460577 0.00031136
0.08659615 0.00031292
0.08858654 0.00031455
0.09057692 0.00031614
0.09256731 0.00031760
0.09455769 0.00031884
0.09654808 0.00031982
0.09853846 0.00032053
0.10052885 0.00032092
