0.00300000 1.00050119
0.00499038 0.61288608
0.00698077 0.27319369
0.00897115 0.07624606
0.01096154 0.01054114
0.01295192 0.00983362
0.01494231 0.01860037
0.01693269 0.01761031
0.01892308 0.01093529
0.02091346 0.00557446
0.02290385 0.00334525
0.02489423 0.00288255
0.02688462 0.00285153
0.02887500 0.00279480
0.03086538 0.00270024
0.03285577 0.00261477
0.03484615 0.00254866
0.03683654 0.00250360
0.03882692 0.00248305
0.04081731 0.00246591
0.04280769 0.00241959
0.04479808 0.00234988
0.04678846 0.00229004
0.04877885 0.00223630
0.05076923 0.00214887
0.05275962 0.00202450
0.05475000 0.00191500
0.05674038 0.00185830
0.05873077 0.00183188
0.06072115 0.00179023
0.06271154 0.00171862
0.06470192 0.00163448
0.06669231 0.00155724
0.06868269 0.00149348
0.07067308 0.00144257
0.07266346 0.00140280
0.07465385 0.00137139
0.07664423 0.00134355
0.07863462 0.00131452
0.08062500 0.00128227
0.08261538 0.00124741
0.08460577 0.00121060
0.08659615 0.00117187
0.08858654 0.00113256
0.09057692 0.00109564
0.09256731 0.00106267
0.09455769 0.00103220
0.09654808 0.00100208
0.09853846 0.00097192
0.10052885 0.00094243
0.10251923 0.00091390
0.10450962 0.00088647
0.10650000 0.00086065
0.10849038 0.00083662
