0.00300000 1.00031623
0.00499038 0.59732831
0.00698077 0.25398003
0.00897115 0.06459708
0.01096154 0.00772363
0.01295192 0.00976777
0.01494231 0.01629134
0.01693269 0.01310817
0.01892308 0.00678510
0.02091346 0.00314747
0.02290385 0.00216435
0.02489423 0.00202904
0.02688462 0.00193526
0.02887500 0.00184804
0.03086538 0.00180959
0.03285577 0.00179929
0.03484615 0.00178065
0.03683654 0.00174204
0.03882692 0.00171504
0.04081731 0.00171971
0.04280769 0.00172363
0.04479808 0.00170065
0.04678846 0.00167495
0.04877885 0.00166326
0.05076923 0.00163318
0.05275962 0.00155947
0.05475000 0.00147126
0.05674038 0.00140772
0.05873077 0.00136571
0.06072115 0.00131919
0.06271154 0.00126210
0.06470192 0.00120826
0.06669231 0.00116617
0.06868269 0.00113188
0.07067308 0.00109937
0.07266346 0.00106709
0.07465385 0.00103587
0.07664423 0.00100570
0.07863462 0.00097536
0.08062500 0.00094464
0.08261538 0.00091535
0.08460577 0.00088870
0.08659615 0.00086307
0.08858654 0.00083615
0.09057692 0.00080812
0.09256731 0.00078072
0.09455769 0.00075421
0.09654808 0.00072760
0.09853846 0.00070105
0.10052885 0.00067602
0.10251923 0.00065343
0.10450962 0.00063290
0.10650000 0.00061343
0.10849038 0.00059419
