0.00300000 1.00031623
0.00499038 0.40075446
0.00698077 0.07461145
0.00897115 0.01690580
0.01096154 0.03795152
0.01295192 0.03408057
0.01494231 0.01634210
0.01693269 0.00828966
0.01892308 0.00718722
0.02091346 0.00593614
0.02290385 0.00448371
0.02489423 0.00389280
0.02688462 0.00350867
0.02887500 0.00287902
0.03086538 0.00240409
0.03285577 0.00237067
0.03484615 0.00248181
0.03683654 0.00238123
0.03882692 0.00216302
0.04081731 0.00207594
0.04280769 0.00206603
0.04479808 0.00198839
0.04678846 0.00190507
0.04877885 0.00185989
0.05076923 0.00176206
0.05275962 0.00162768
0.05475000 0.00155783
0.05674038 0.00152460
0.05873077 0.00145360
0.06072115 0.00136947
0.06271154 0.00131362
0.06470192 0.00127048
0.06669231 0.00122288
0.06868269 0.00117782
0.07067308 0.00113835
0.07266346 0.00109979
0.07465385 0.00106114
0.07664423 0.00102377
0.07863462 0.00098888
0.08062500 0.00095771
0.08261538 0.00092931
0.08460577 0.00090029
0.08659615 0.00086882
0.08858654 0.00083735
0.09057692 0.00080984
0.09256731 0.00078596
0.09455769 0.00076072
0.09654808 0.00073204
0.09853846 0.00070412
0.10052885 0.00068080
0.10251923 0.00066018
0.10450962 0.00063845
0.10650000 0.00061583
0.10849038 0.00059527
