0.00300000 1.00025119
0.00499038 0.59140907
0.00698077 0.24612272
0.00897115 0.06098326
0.01096154 0.01189438
0.01295192 0.01984046
0.01494231 0.02702597
0.01693269 0.02051464
0.01892308 0.01051481
0.02091346 0.00503695
0.02290385 0.00363164
0.02489423 0.00324045
0.02688462 0.00263183
0.02887500 0.00205345
0.03086538 0.00173525
0.03285577 0.00157428
0.03484615 0.00145310
0.03683654 0.00135383
0.03882692 0.00128233
0.04081731 0.00123217
0.04280769 0.00119782
0.04479808 0.00117786
0.04678846 0.00116742
0.04877885 0.00115650
0.05076923 0.00113552
0.05275962 0.00110292
0.05475000 0.00106693
0.05674038 0.00103767
0.05873077 0.00101692
0.06072115 0.00099758
0.06271154 0.00097293
0.06470192 0.00094373
0.06669231 0.00091491
0.06868269 0.00088887
0.07067308 0.00086522
0.07266346 0.00084419
0.07465385 0.00082588
0.07664423 0.00080756
0.07863462 0.00078592
0.08062500 0.00076158
0.08261538 0.00073804
0.08460577 0.00071669
0.08659615 0.00069553
0.08858654 0.00067234
0.09057692 0.00064703
0.09256731 0.00062133
0.09455769 0.00059750
0.09654808 0.00057702
0.09853846 0.00055940
0.10052885 0.00054263
0.10251923 0.00052505
0.10450962 0.00050663
0.10650000 0.00048841
0.10849038 0.00047127
