0.00300000 1.00031623
0.00499038 0.55947219
0.00698077 0.20835484
0.00897115 0.03871777
0.01096154 0.00531436
0.01295192 0.01819804
0.01494231 0.02385763
0.01693269 0.01622187
0.01892308 0.00697587
0.02091346 0.00274727
0.02290385 0.00248242
0.02489423 0.00312698
0.02688462 0.00312940
0.02887500 0.00252997
0.03086538 0.00192025
0.03285577 0.00166465
0.03484615 0.00168324
0.03683654 0.00169763
0.03882692 0.00158137
0.04081731 0.00142286
0.04280769 0.00132330
0.04479808 0.00127499
0.04678846 0.00123291
0.04877885 0.00118761
0.05076923 0.00114743
0.05275962 0.00111654
0.05475000 0.00109845
0.05674038 0.00108895
0.05873077 0.00107453
0.06072115 0.00105133
0.06271154 0.00102863
0.06470192 0.00100943
0.06669231 0.00098592
0.06868269 0.00095509
0.07067308 0.00092367
0.07266346 0.00089727
0.07465385 0.00087462
0.07664423 0.00085254
0.07863462 0.00082997
0.08062500 0.00080649
0.08261538 0.00078123
0.08460577 0.00075478
0.08659615 0.00072950
0.08858654 0.00070714
0.09057692 0.00068753
0.09256731 0.00066959
0.09455769 0.00065209
0.09654808 0.00063361
0.09853846 0.00061360
0.10052885 0.00059337
0.10251923 0.00057485
0.10450962 0.00055844
0.10650000 0.00054290
0.10849038 0.00052716
