0.00300000 1.00001000
0.00499038 0.61295965
0.00698077 0.27317424
0.00897115 0.07567035
0.01096154 0.00954006
0.01295192 0.00879566
0.01494231 0.01766849
0.01693269 0.01661996
0.01892308 0.00971517
0.02091346 0.00415259
0.02290385 0.00187826
0.02489423 0.00149498
0.02688461 0.00157459
0.02887500 0.00159497
0.03086538 0.00151528
0.03285577 0.00138137
0.03484615 0.00123965
0.03683654 0.00115286
0.03882692 0.00116026
0.04081731 0.00121748
0.04280769 0.00123856
0.04479808 0.00120429
0.04678846 0.00116757
0.04877884 0.00115049
0.05076923 0.00110992
0.05275961 0.00102110
0.05475000 0.00092773
0.05674038 0.00087958
0.05873077 0.00086672
0.06072115 0.00084424
0.06271154 0.00079267
0.06470192 0.00072935
0.06669230 0.00067786
0.06868269 0.00064672
0.07067307 0.00063132
0.07266346 0.00062234
0.07465384 0.00061125
0.07664423 0.00059373
0.07863461 0.00057128
0.08062500 0.00054897
0.08261538 0.00053089
0.08460577 0.00051703
0.08659615 0.00050444
0.08858653 0.00049094
0.09057692 0.00047674
0.09256730 0.00046267
0.09455769 0.00044839
0.09654807 0.00043295
0.09853846 0.00041615
