0.00300000 1.00001000
0.00499038 0.69636786
0.00698077 0.38951208
0.00897115 0.16338552
0.01096154 0.04420344
0.01295192 0.00740372
0.01494231 0.00924971
0.01693269 0.01628406
0.01892308 0.01596435
0.02091346 0.01032938
0.02290385 0.00484378
0.02489423 0.00202918
0.02688461 0.00129114
0.02887500 0.00123405
0.03086538 0.00113429
0.03285577 0.00094798
0.03484615 0.00080376
0.03683654 0.00073821
0.03882692 0.00071686
0.04081731 0.00070769
0.04280769 0.00069897
0.04479808 0.00068783
0.04678846 0.00067329
0.04877884 0.00065574
0.05076923 0.00063714
0.05275961 0.00062096
0.05475000 0.00061025
0.05674038 0.00060453
0.05873077 0.00059937
0.06072115 0.00059013
0.06271154 0.00057596
0.06470192 0.00055976
0.06669230 0.00054511
0.06868269 0.00053350
0.07067307 0.00052348
0.07266346 0.00051214
0.07465384 0.00049783
0.07664423 0.00048202
0.07863461 0.00046788
0.08062500 0.00045682
0.08261538 0.00044691
0.08460577 0.00043535
0.08659615 0.00042175
0.08858653 0.00040834
0.09057692 0.00039698
0.09256730 0.00038700
0.09455769 0.00037603
0.09654807 0.00036242
0.09853846 0.00034669
