0.00300000 1.00001000
0.00499038 0.50417020
0.00698077 0.15279519
0.00897115 0.02030640
0.01096154 0.01458893
0.01295192 0.02764854
0.01494231 0.02236705
0.01693269 0.01038423
0.01892308 0.00412873
0.02091346 0.00302190
0.02290385 0.00288977
0.02489423 0.00233874
0.02688461 0.00176638
0.02887500 0.00147175
0.03086538 0.00136920
0.03285577 0.00129501
0.03484615 0.00118579
0.03683654 0.00110636
0.03882692 0.00114162
0.04081731 0.00123228
0.04280769 0.00121754
0.04479808 0.00108272
0.04678846 0.00099095
0.04877884 0.00101183
0.05076923 0.00102448
0.05275961 0.00094370
0.05475000 0.00083775
0.05674038 0.00077768
0.05873077 0.00074003
0.06072115 0.00069037
0.06271154 0.00064186
0.06470192 0.00061135
0.06669230 0.00058967
0.06868269 0.00056459
0.07067307 0.00053762
0.07266346 0.00051584
0.07465384 0.00050196
0.07664423 0.00049274
0.07863461 0.00048258
0.08062500 0.00046886
0.08261538 0.00045403
0.08460577 0.00044175
0.08659615 0.00043203
0.08858653 0.00042173
0.09057692 0.00040886
0.09256730 0.00039444
0.09455769 0.00038053
0.09654807 0.00036782
0.09853846 0.00035488
