0.00300000 1.00001000
0.00499038 0.59608048
0.00698077 0.25113847
0.00897115 0.06292047
0.01096154 0.01147337
0.01295192 0.01972299
0.01494231 0.02831851
0.01693269 0.02222845
0.01892308 0.01148050
0.02091346 0.00518413
0.02290385 0.00351047
0.02489423 0.00313901
0.02688461 0.00246081
0.02887500 0.00170602
0.03086538 0.00124225
0.03285577 0.00100107
0.03484615 0.00082715
0.03683654 0.00069515
0.03882692 0.00062398
0.04081731 0.00059586
0.04280769 0.00057859
0.04479808 0.00055944
0.04678846 0.00054223
0.04877884 0.00053107
0.05076923 0.00052468
0.05275961 0.00051989
0.05475000 0.00051492
0.05674038 0.00050867
0.05873077 0.00049974
0.06072115 0.00048795
0.06271154 0.00047587
0.06470192 0.00046675
0.06669230 0.00046090
0.06868269 0.00045528
0.07067307 0.00044701
0.07266346 0.00043589
0.07465384 0.00042330
0.07664423 0.00041051
0.07863461 0.00039863
0.08062500 0.00038835
0.08261538 0.00037854
0.08460577 0.00036697
0.08659615 0.00035327
0.08858653 0.00033948
0.09057692 0.00032699
0.09256730 0.00031517
0.09455769 0.00030348
0.09654807 0.00029287
0.09853846 0.00028388
