0.003000  0.004100  0.005200  0.006300  0.007400  0.008500  0.009600  0.010700  0.011800  0.012900  0.014000  0.015100  0.016200  0.017300  0.018400  0.019500  0.020600  0.021700  0.022800  0.023900  0.025000  0.026100  0.027200  0.028300  0.029400  0.030500  0.031600  0.032700  0.033800  0.034900  0.036000  0.037100  0.038200  0.039300  0.040400  0.041500  0.042600  0.043700  0.044800  0.045900  0.047000  0.048100  0.049200  0.050300  0.051400  0.052500  0.053600  0.054700  0.055800  0.056900  0.058000  0.059100  0.060200  
1.000095  0.755099  0.515760  0.314396  0.167424  0.075399  0.027743  0.009318  0.006052  0.008043  0.010076  0.010466  0.009414  0.007690  0.005938  0.004484  0.003408  0.002667  0.002189  0.001908  0.001773  0.001736  0.001748  0.001761  0.001744  0.001692  0.001624  0.001560  0.001513  0.001476  0.001431  0.001367  0.001289  0.001210  0.001147  0.001104  0.001075  0.001046  0.001006  0.000953  0.000892  0.000831  0.000776  0.000730  0.000691  0.000659  0.000632  0.000607  0.000584  0.000561  0.000537  0.000513  0.000488  
1.000866  0.789530  0.571005  0.373312  0.215609  0.105807  0.041326  0.012264  0.005645  0.009337  0.014619  0.017022  0.015694  0.011950  0.007732  0.004511  0.002846  0.002494  0.002820  0.003212  0.003321  0.003101  0.002700  0.002301  0.002024  0.001891  0.001853  0.001844  0.001819  0.001766  0.001695  0.001624  0.001565  0.001520  0.001484  0.001454  0.001428  0.001405  0.001385  0.001367  0.001348  0.001328  0.001308  0.001288  0.001271  0.001257  0.001244  0.001231  0.001216  0.001200  0.001183  0.001168  0.001154  
1.000866  0.789355  0.570705  0.372974  0.215326  0.105650  0.041324  0.012395  0.005854  0.009554  0.014790  0.017123  0.015738  0.011974  0.007778  0.004603  0.002981  0.002647  0.002953  0.003291  0.003335  0.003060  0.002628  0.002231  0.001978  0.001877  0.001866  0.001869  0.001843  0.001781  0.001701  0.001626  0.001569  0.001528  0.001495  0.001464  0.001434  0.001406  0.001384  0.001368  0.001355  0.001343  0.001330  0.001314  0.001297  0.001280  0.001264  0.001247  0.001230  0.001212  0.001193  0.001174  0.001157  
1.000866  0.804842  0.598239  0.406276  0.247387  0.130838  0.056805  0.018485  0.005320  0.006270  0.012293  0.017579  0.019583  0.018219  0.014717  0.010593  0.006994  0.004459  0.003001  0.002337  0.002116  0.002066  0.002039  0.001988  0.001920  0.001852  0.001798  0.001758  0.001728  0.001703  0.001679  0.001656  0.001631  0.001603  0.001573  0.001542  0.001512  0.001485  0.001460  0.001437  0.001415  0.001395  0.001375  0.001356  0.001338  0.001322  0.001306  0.001289  0.001272  0.001255  0.001237  0.001219  0.001201  
1.000866  0.804477  0.597553  0.405380  0.246420  0.129934  0.056060  0.017940  0.004964  0.006058  0.012163  0.017477  0.019474  0.018091  0.014573  0.010448  0.006861  0.004345  0.002906  0.002255  0.002042  0.001994  0.001967  0.001916  0.001847  0.001781  0.001728  0.001691  0.001666  0.001648  0.001637  0.001629  0.001621  0.001611  0.001595  0.001573  0.001547  0.001517  0.001488  0.001459  0.001432  0.001408  0.001386  0.001365  0.001345  0.001326  0.001306  0.001287  0.001269  0.001252  0.001237  0.001223  0.001210  
1.000820  0.803620  0.596240  0.404102  0.245618  0.129838  0.056627  0.018904  0.005957  0.006755  0.012391  0.017240  0.018922  0.017432  0.013994  0.010055  0.006673  0.004315  0.002960  0.002329  0.002097  0.002022  0.001976  0.001920  0.001858  0.001803  0.001759  0.001727  0.001701  0.001678  0.001656  0.001633  0.001608  0.001580  0.001550  0.001518  0.001486  0.001456  0.001429  0.001403  0.001380  0.001358  0.001337  0.001317  0.001298  0.001278  0.001260  0.001242  0.001225  0.001208  0.001192  0.001176  0.001159  
1.000820  0.803855  0.596636  0.404549  0.246006  0.130098  0.056744  0.018913  0.005918  0.006727  0.012406  0.017303  0.019012  0.017518  0.014050  0.010071  0.006651  0.004270  0.002908  0.002284  0.002066  0.002006  0.001971  0.001919  0.001856  0.001794  0.001743  0.001703  0.001671  0.001645  0.001622  0.001602  0.001581  0.001559  0.001535  0.001510  0.001485  0.001463  0.001441  0.001421  0.001400  0.001379  0.001356  0.001333  0.001310  0.001287  0.001264  0.001243  0.001223  0.001205  0.001188  0.001172  0.001157  
1.000866  0.800751  0.590867  0.397175  0.238338  0.123343  0.051730  0.015951  0.004837  0.007020  0.013440  0.018502  0.019982  0.018080  0.014210  0.009943  0.006386  0.003994  0.002700  0.002169  0.002035  0.002032  0.002027  0.001984  0.001917  0.001848  0.001790  0.001747  0.001715  0.001693  0.001676  0.001661  0.001647  0.001629  0.001607  0.001581  0.001552  0.001522  0.001491  0.001461  0.001431  0.001404  0.001379  0.001358  0.001339  0.001321  0.001303  0.001285  0.001266  0.001247  0.001228  0.001212  0.001196  
1.000866  0.800536  0.590462  0.396644  0.237769  0.122822  0.051321  0.015684  0.004702  0.006979  0.013442  0.018503  0.019952  0.018014  0.014120  0.009852  0.006313  0.003951  0.002686  0.002175  0.002047  0.002038  0.002021  0.001966  0.001890  0.001818  0.001760  0.001718  0.001687  0.001664  0.001646  0.001629  0.001612  0.001593  0.001571  0.001547  0.001522  0.001497  0.001474  0.001450  0.001426  0.001402  0.001379  0.001356  0.001336  0.001319  0.001303  0.001287  0.001272  0.001256  0.001238  0.001219  0.001200  
1.000866  0.800652  0.590692  0.396963  0.238131  0.123170  0.051598  0.015847  0.004733  0.006886  0.013256  0.018268  0.019714  0.017808  0.013963  0.009741  0.006233  0.003880  0.002605  0.002075  0.001928  0.001910  0.001896  0.001856  0.001804  0.001758  0.001725  0.001703  0.001686  0.001669  0.001652  0.001634  0.001613  0.001590  0.001564  0.001537  0.001510  0.001484  0.001461  0.001439  0.001418  0.001397  0.001375  0.001354  0.001333  0.001313  0.001294  0.001276  0.001259  0.001244  0.001230  0.001216  0.001203  
1.000866  0.800585  0.590566  0.396801  0.237967  0.123041  0.051534  0.015867  0.004837  0.007061  0.013476  0.018503  0.019938  0.018004  0.014126  0.009878  0.006356  0.004002  0.002736  0.002216  0.002076  0.002056  0.002028  0.001965  0.001885  0.001808  0.001748  0.001705  0.001675  0.001654  0.001640  0.001630  0.001619  0.001604  0.001583  0.001557  0.001527  0.001497  0.001467  0.001440  0.001415  0.001392  0.001371  0.001351  0.001331  0.001311  0.001291  0.001271  0.001253  0.001237  0.001222  0.001209  0.001196  
1.000866  0.800303  0.590055  0.396165  0.237323  0.122486  0.051126  0.015618  0.004724  0.007041  0.013506  0.018550  0.019981  0.018033  0.014137  0.009870  0.006330  0.003960  0.002683  0.002158  0.002019  0.002003  0.001982  0.001926  0.001851  0.001780  0.001724  0.001685  0.001658  0.001639  0.001625  0.001611  0.001596  0.001579  0.001559  0.001537  0.001514  0.001492  0.001471  0.001450  0.001428  0.001406  0.001383  0.001361  0.001339  0.001319  0.001298  0.001278  0.001259  0.001241  0.001225  0.001209  0.001194  
1.000866  0.800159  0.589808  0.395885  0.237087  0.122356  0.051131  0.015745  0.004929  0.007265  0.013694  0.018665  0.020015  0.018003  0.014074  0.009807  0.006291  0.003955  0.002707  0.002199  0.002062  0.002038  0.002006  0.001940  0.001860  0.001789  0.001737  0.001702  0.001680  0.001665  0.001652  0.001638  0.001621  0.001600  0.001574  0.001546  0.001518  0.001493  0.001470  0.001449  0.001429  0.001408  0.001387  0.001364  0.001341  0.001318  0.001296  0.001276  0.001257  0.001240  0.001225  0.001211  0.001197  
1.000866  0.800619  0.590632  0.396889  0.238060  0.123118  0.051577  0.015863  0.004784  0.006967  0.013360  0.018386  0.019839  0.017935  0.014088  0.009861  0.006348  0.003988  0.002705  0.002168  0.002015  0.001992  0.001973  0.001928  0.001870  0.001815  0.001771  0.001735  0.001705  0.001676  0.001650  0.001626  0.001602  0.001579  0.001555  0.001531  0.001507  0.001485  0.001464  0.001445  0.001425  0.001405  0.001386  0.001367  0.001348  0.001330  0.001311  0.001292  0.001272  0.001252  0.001232  0.001214  0.001196  
1.000820  0.799734  0.589210  0.395375  0.236875  0.122514  0.051576  0.016287  0.005353  0.007416  0.013530  0.018256  0.019498  0.017523  0.013733  0.009637  0.006264  0.004009  0.002778  0.002245  0.002068  0.002012  0.001964  0.001898  0.001827  0.001766  0.001720  0.001688  0.001664  0.001643  0.001623  0.001603  0.001581  0.001556  0.001531  0.001505  0.001479  0.001455  0.001431  0.001407  0.001382  0.001356  0.001331  0.001308  0.001285  0.001265  0.001246  0.001228  0.001211  0.001195  0.001179  0.001163  0.001147  
1.000820  0.800028  0.589729  0.395999  0.237477  0.123001  0.051910  0.016484  0.005465  0.007505  0.013640  0.018404  0.019673  0.017700  0.013886  0.009753  0.006342  0.004059  0.002814  0.002277  0.002100  0.002041  0.001987  0.001911  0.001829  0.001760  0.001710  0.001677  0.001655  0.001638  0.001622  0.001605  0.001587  0.001565  0.001540  0.001513  0.001485  0.001456  0.001427  0.001399  0.001373  0.001348  0.001327  0.001307  0.001289  0.001272  0.001254  0.001236  0.001219  0.001202  0.001185  0.001169  0.001154  
1.000777  0.800229  0.589996  0.396120  0.237291  0.122467  0.051119  0.015617  0.004721  0.007029  0.013480  0.018510  0.019934  0.017990  0.014110  0.009865  0.006347  0.003991  0.002713  0.002175  0.002013  0.001974  0.001933  0.001865  0.001784  0.001712  0.001656  0.001616  0.001586  0.001564  0.001545  0.001529  0.001512  0.001493  0.001471  0.001447  0.001421  0.001397  0.001375  0.001355  0.001338  0.001321  0.001305  0.001288  0.001270  0.001250  0.001229  0.001206  0.001184  0.001164  0.001145  0.001128  0.001112  
1.000777  0.800201  0.589936  0.396025  0.237163  0.122312  0.050946  0.015442  0.004563  0.006901  0.013393  0.018466  0.019922  0.017995  0.014112  0.009848  0.006300  0.003915  0.002616  0.002070  0.001915  0.001892  0.001873  0.001826  0.001765  0.001706  0.001659  0.001624  0.001597  0.001574  0.001554  0.001536  0.001519  0.001501  0.001483  0.001464  0.001445  0.001425  0.001405  0.001383  0.001359  0.001333  0.001307  0.001282  0.001260  0.001239  0.001221  0.001203  0.001185  0.001168  0.001149  0.001130  0.001111  
1.000777  0.800357  0.590231  0.396413  0.237580  0.122690  0.051233  0.015606  0.004600  0.006831  0.013248  0.018282  0.019733  0.017825  0.013975  0.009752  0.006247  0.003901  0.002637  0.002117  0.001979  0.001962  0.001940  0.001883  0.001808  0.001736  0.001681  0.001643  0.001618  0.001602  0.001590  0.001578  0.001562  0.001539  0.001509  0.001473  0.001437  0.001402  0.001372  0.001347  0.001326  0.001308  0.001290  0.001272  0.001252  0.001232  0.001212  0.001193  0.001176  0.001160  0.001146  0.001132  0.001118  
1.000777  0.800248  0.590051  0.396219  0.237431  0.122624  0.051258  0.015701  0.004722  0.006935  0.013301  0.018272  0.019669  0.017731  0.013878  0.009672  0.006194  0.003872  0.002623  0.002109  0.001967  0.001945  0.001919  0.001861  0.001788  0.001720  0.001667  0.001629  0.001603  0.001584  0.001569  0.001553  0.001534  0.001511  0.001482  0.001451  0.001421  0.001394  0.001370  0.001349  0.001329  0.001309  0.001287  0.001264  0.001242  0.001221  0.001202  0.001184  0.001168  0.001154  0.001141  0.001128  0.001115  
1.000777  0.800564  0.590604  0.396874  0.238040  0.123074  0.051497  0.015745  0.004638  0.006809  0.013207  0.018253  0.019731  0.017849  0.014015  0.009794  0.006279  0.003916  0.002632  0.002096  0.001945  0.001920  0.001895  0.001839  0.001768  0.001701  0.001650  0.001612  0.001585  0.001564  0.001545  0.001528  0.001509  0.001489  0.001467  0.001442  0.001418  0.001394  0.001371  0.001350  0.001330  0.001310  0.001291  0.001274  0.001257  0.001240  0.001223  0.001205  0.001186  0.001166  0.001146  0.001127  0.001108  
1.000777  0.800220  0.590017  0.396207  0.237460  0.122700  0.051367  0.015815  0.004811  0.006976  0.013284  0.018203  0.019567  0.017620  0.013781  0.009604  0.006160  0.003869  0.002640  0.002132  0.001984  0.001946  0.001902  0.001829  0.001746  0.001676  0.001627  0.001597  0.001579  0.001567  0.001557  0.001546  0.001532  0.001514  0.001492  0.001466  0.001438  0.001409  0.001381  0.001353  0.001327  0.001302  0.001279  0.001258  0.001238  0.001220  0.001202  0.001185  0.001168  0.001152  0.001136  0.001121  0.001107  
1.000820  0.798914  0.587801  0.393746  0.235398  0.121447  0.051000  0.016120  0.005414  0.007513  0.013526  0.018101  0.019220  0.017191  0.013417  0.009384  0.006088  0.003896  0.002707  0.002194  0.002024  0.001969  0.001922  0.001858  0.001789  0.001730  0.001689  0.001661  0.001643  0.001629  0.001614  0.001596  0.001575  0.001549  0.001521  0.001492  0.001464  0.001437  0.001413  0.001389  0.001367  0.001345  0.001324  0.001304  0.001287  0.001271  0.001255  0.001240  0.001225  0.001208  0.001191  0.001173  0.001155  
1.000737  0.800670  0.590807  0.397100  0.238224  0.123183  0.051537  0.015752  0.004657  0.006875  0.013328  0.018411  0.019892  0.017978  0.014091  0.009814  0.006256  0.003871  0.002585  0.002059  0.001920  0.001902  0.001875  0.001810  0.001727  0.001650  0.001595  0.001560  0.001542  0.001531  0.001524  0.001513  0.001498  0.001474  0.001445  0.001413  0.001382  0.001354  0.001330  0.001310  0.001292  0.001274  0.001255  0.001237  0.001218  0.001199  0.001181  0.001163  0.001147  0.001130  0.001113  0.001096  0.001079  
1.000820  0.795369  0.581520  0.386164  0.228078  0.115609  0.047233  0.014334  0.005030  0.007760  0.013733  0.017881  0.018500  0.016134  0.012280  0.008391  0.005356  0.003435  0.002450  0.002054  0.001933  0.001889  0.001844  0.001785  0.001726  0.001676  0.001638  0.001609  0.001588  0.001572  0.001559  0.001545  0.001528  0.001506  0.001479  0.001451  0.001424  0.001399  0.001377  0.001356  0.001337  0.001318  0.001299  0.001281  0.001263  0.001244  0.001225  0.001206  0.001187  0.001169  0.001152  0.001137  0.001124  
1.000737  0.795894  0.582384  0.387003  0.228579  0.115625  0.046811  0.013675  0.004381  0.007316  0.013573  0.017961  0.018702  0.016327  0.012374  0.008358  0.005223  0.003252  0.002263  0.001890  0.001795  0.001770  0.001733  0.001679  0.001627  0.001590  0.001568  0.001553  0.001541  0.001528  0.001512  0.001492  0.001469  0.001440  0.001407  0.001373  0.001341  0.001314  0.001290  0.001269  0.001250  0.001231  0.001212  0.001194  0.001175  0.001157  0.001138  0.001120  0.001102  0.001085  0.001068  0.001052  0.001038  
1.000820  0.794911  0.580736  0.385264  0.227280  0.115066  0.046998  0.014366  0.005224  0.007999  0.013926  0.017985  0.018519  0.016098  0.012227  0.008347  0.005330  0.003423  0.002440  0.002037  0.001902  0.001847  0.001793  0.001732  0.001675  0.001631  0.001601  0.001579  0.001565  0.001554  0.001545  0.001536  0.001523  0.001505  0.001483  0.001459  0.001434  0.001409  0.001386  0.001364  0.001342  0.001320  0.001300  0.001281  0.001264  0.001248  0.001233  0.001218  0.001203  0.001188  0.001171  0.001153  0.001135  
1.000820  0.795089  0.581056  0.385659  0.227669  0.115378  0.047188  0.014421  0.005161  0.007850  0.013730  0.017772  0.018310  0.015905  0.012054  0.008197  0.005207  0.003329  0.002377  0.002000  0.001886  0.001842  0.001793  0.001731  0.001671  0.001624  0.001591  0.001569  0.001552  0.001539  0.001528  0.001516  0.001502  0.001485  0.001466  0.001445  0.001423  0.001401  0.001380  0.001359  0.001339  0.001319  0.001300  0.001282  0.001264  0.001246  0.001227  0.001209  0.001192  0.001176  0.001160  0.001145  0.001131  
1.000820  0.795117  0.581067  0.385613  0.227552  0.115214  0.047032  0.014335  0.005191  0.008007  0.013986  0.018077  0.018607  0.016152  0.012233  0.008312  0.005276  0.003371  0.002407  0.002027  0.001911  0.001867  0.001818  0.001759  0.001702  0.001657  0.001625  0.001600  0.001579  0.001562  0.001547  0.001533  0.001518  0.001500  0.001478  0.001453  0.001428  0.001403  0.001379  0.001355  0.001332  0.001309  0.001287  0.001267  0.001248  0.001231  0.001216  0.001201  0.001188  0.001174  0.001159  0.001144  0.001129  
1.000777  0.795949  0.582483  0.387167  0.228811  0.115898  0.047076  0.013878  0.004483  0.007306  0.013472  0.017812  0.018553  0.016216  0.012317  0.008351  0.005248  0.003289  0.002297  0.001915  0.001813  0.001786  0.001750  0.001696  0.001638  0.001589  0.001552  0.001523  0.001503  0.001491  0.001486  0.001485  0.001482  0.001473  0.001455  0.001431  0.001403  0.001374  0.001348  0.001325  0.001304  0.001286  0.001269  0.001252  0.001235  0.001216  0.001197  0.001177  0.001157  0.001138  0.001120  0.001103  0.001087  
1.000777  0.795441  0.581687  0.386390  0.228326  0.115850  0.047448  0.014517  0.005179  0.007871  0.013801  0.017898  0.018466  0.016055  0.012172  0.008274  0.005249  0.003351  0.002391  0.002015  0.001902  0.001857  0.001803  0.001734  0.001667  0.001614  0.001575  0.001547  0.001525  0.001508  0.001493  0.001479  0.001464  0.001447  0.001428  0.001408  0.001389  0.001371  0.001353  0.001335  0.001315  0.001293  0.001270  0.001246  0.001224  0.001203  0.001183  0.001165  0.001149  0.001134  0.001119  0.001104  0.001090  
1.000777  0.795225  0.581292  0.385893  0.227818  0.115413  0.047137  0.014350  0.005141  0.007929  0.013911  0.018023  0.018579  0.016141  0.012226  0.008295  0.005242  0.003319  0.002341  0.001953  0.001836  0.001793  0.001747  0.001691  0.001638  0.001599  0.001575  0.001561  0.001552  0.001544  0.001535  0.001521  0.001500  0.001473  0.001442  0.001409  0.001378  0.001350  0.001326  0.001305  0.001286  0.001268  0.001252  0.001236  0.001220  0.001203  0.001185  0.001166  0.001146  0.001126  0.001107  0.001090  0.001074  
1.000777  0.792708  0.576782  0.380364  0.222372  0.110959  0.044177  0.012928  0.004936  0.008436  0.014634  0.018607  0.018864  0.016134  0.012032  0.008044  0.005033  0.003200  0.002313  0.001991  0.001908  0.001874  0.001820  0.001748  0.001678  0.001620  0.001576  0.001544  0.001519  0.001502  0.001490  0.001482  0.001475  0.001466  0.001452  0.001434  0.001412  0.001387  0.001360  0.001332  0.001305  0.001279  0.001256  0.001236  0.001218  0.001201  0.001186  0.001171  0.001156  0.001141  0.001125  0.001109  0.001093  
1.000777  0.793258  0.577796  0.381651  0.223695  0.112099  0.044987  0.013359  0.005032  0.008306  0.014410  0.018404  0.018751  0.016129  0.012112  0.008163  0.005146  0.003275  0.002341  0.001978  0.001871  0.001830  0.001783  0.001724  0.001668  0.001623  0.001591  0.001569  0.001553  0.001540  0.001529  0.001517  0.001501  0.001479  0.001454  0.001428  0.001401  0.001375  0.001351  0.001326  0.001302  0.001278  0.001255  0.001234  0.001214  0.001195  0.001178  0.001161  0.001145  0.001129  0.001113  0.001096  0.001080  
1.000777  0.793346  0.577948  0.381825  0.223845  0.112187  0.044991  0.013277  0.004880  0.008111  0.014200  0.018204  0.018577  0.015990  0.012007  0.008087  0.005090  0.003231  0.002303  0.001944  0.001841  0.001806  0.001766  0.001714  0.001661  0.001617  0.001580  0.001548  0.001522  0.001501  0.001486  0.001474  0.001461  0.001445  0.001425  0.001402  0.001376  0.001350  0.001325  0.001302  0.001281  0.001262  0.001245  0.001230  0.001215  0.001201  0.001186  0.001172  0.001157  0.001141  0.001126  0.001110  0.001094  
1.000777  0.792569  0.576583  0.380199  0.222306  0.111003  0.044285  0.013022  0.004944  0.008320  0.014406  0.018318  0.018581  0.015911  0.011895  0.007984  0.005020  0.003197  0.002292  0.001941  0.001833  0.001788  0.001738  0.001683  0.001634  0.001598  0.001573  0.001553  0.001536  0.001521  0.001508  0.001496  0.001482  0.001464  0.001442  0.001417  0.001390  0.001362  0.001335  0.001309  0.001285  0.001264  0.001244  0.001227  0.001211  0.001197  0.001183  0.001169  0.001156  0.001141  0.001126  0.001109  0.001093  
1.000777  0.791044  0.573947  0.377122  0.219471  0.108888  0.043060  0.012565  0.004957  0.008479  0.014478  0.018210  0.018320  0.015592  0.011610  0.007789  0.004920  0.003169  0.002301  0.001961  0.001851  0.001798  0.001742  0.001679  0.001623  0.001581  0.001553  0.001534  0.001520  0.001505  0.001488  0.001467  0.001442  0.001415  0.001390  0.001367  0.001348  0.001332  0.001317  0.001301  0.001284  0.001266  0.001247  0.001229  0.001211  0.001194  0.001176  0.001159  0.001142  0.001126  0.001111  0.001096  0.001082  
1.000777  0.790997  0.573841  0.376961  0.219278  0.108702  0.042919  0.012494  0.004952  0.008511  0.014501  0.018185  0.018225  0.015431  0.011409  0.007582  0.004740  0.003031  0.002208  0.001902  0.001813  0.001771  0.001721  0.001662  0.001609  0.001569  0.001542  0.001524  0.001512  0.001503  0.001495  0.001484  0.001468  0.001447  0.001422  0.001395  0.001368  0.001344  0.001321  0.001300  0.001280  0.001261  0.001243  0.001225  0.001208  0.001190  0.001172  0.001155  0.001138  0.001122  0.001107  0.001093  0.001079  
1.000777  0.790960  0.573792  0.376926  0.219265  0.108701  0.042905  0.012440  0.004847  0.008363  0.014338  0.018039  0.018124  0.015384  0.011410  0.007613  0.004777  0.003060  0.002223  0.001906  0.001812  0.001773  0.001730  0.001680  0.001635  0.001601  0.001576  0.001556  0.001538  0.001522  0.001504  0.001486  0.001465  0.001443  0.001419  0.001396  0.001373  0.001350  0.001327  0.001304  0.001281  0.001259  0.001238  0.001220  0.001203  0.001188  0.001173  0.001158  0.001143  0.001128  0.001113  0.001097  0.001081  
1.000777  0.790852  0.573602  0.376698  0.219053  0.108547  0.042834  0.012456  0.004936  0.008500  0.014497  0.018199  0.018271  0.015512  0.011517  0.007700  0.004847  0.003114  0.002262  0.001932  0.001828  0.001782  0.001735  0.001684  0.001641  0.001611  0.001592  0.001578  0.001565  0.001551  0.001535  0.001514  0.001489  0.001461  0.001431  0.001402  0.001375  0.001349  0.001325  0.001303  0.001281  0.001261  0.001243  0.001225  0.001209  0.001194  0.001179  0.001164  0.001150  0.001136  0.001122  0.001106  0.001090  
1.000777  0.791211  0.574209  0.377382  0.219646  0.108937  0.042992  0.012427  0.004806  0.008359  0.014403  0.018171  0.018291  0.015548  0.011538  0.007691  0.004810  0.003060  0.002206  0.001886  0.001795  0.001761  0.001720  0.001669  0.001622  0.001584  0.001557  0.001538  0.001523  0.001513  0.001504  0.001494  0.001480  0.001461  0.001438  0.001412  0.001386  0.001359  0.001333  0.001308  0.001282  0.001259  0.001237  0.001218  0.001200  0.001185  0.001170  0.001156  0.001142  0.001128  0.001114  0.001100  0.001087  
1.000777  0.791028  0.573926  0.377112  0.219484  0.108929  0.043121  0.012626  0.004990  0.008456  0.014383  0.018046  0.018107  0.015360  0.011391  0.007607  0.004786  0.003078  0.002242  0.001918  0.001814  0.001764  0.001711  0.001654  0.001605  0.001570  0.001547  0.001532  0.001520  0.001510  0.001499  0.001485  0.001466  0.001441  0.001412  0.001382  0.001353  0.001327  0.001302  0.001281  0.001261  0.001242  0.001226  0.001210  0.001196  0.001181  0.001167  0.001153  0.001139  0.001125  0.001111  0.001096  0.001082  
1.000777  0.791247  0.574291  0.377512  0.219818  0.109137  0.043201  0.012623  0.004971  0.008481  0.014482  0.018210  0.018303  0.015545  0.011533  0.007693  0.004824  0.003088  0.002246  0.001933  0.001844  0.001806  0.001758  0.001699  0.001645  0.001603  0.001575  0.001555  0.001539  0.001525  0.001509  0.001490  0.001468  0.001444  0.001418  0.001394  0.001371  0.001348  0.001325  0.001301  0.001278  0.001255  0.001233  0.001214  0.001197  0.001181  0.001165  0.001151  0.001136  0.001122  0.001108  0.001094  0.001080  
1.000777  0.792289  0.576155  0.379790  0.222044  0.110928  0.044345  0.013113  0.004961  0.008208  0.014175  0.018030  0.018311  0.015716  0.011792  0.007957  0.005032  0.003215  0.002300  0.001938  0.001826  0.001785  0.001742  0.001687  0.001634  0.001592  0.001563  0.001545  0.001533  0.001524  0.001512  0.001496  0.001475  0.001452  0.001428  0.001407  0.001389  0.001373  0.001355  0.001334  0.001311  0.001286  0.001261  0.001237  0.001215  0.001194  0.001174  0.001155  0.001137  0.001119  0.001103  0.001088  0.001074  
1.000777  0.791193  0.574207  0.377434  0.219770  0.109127  0.043214  0.012631  0.004945  0.008403  0.014351  0.018045  0.018132  0.015399  0.011433  0.007643  0.004816  0.003105  0.002267  0.001943  0.001837  0.001782  0.001723  0.001661  0.001609  0.001574  0.001551  0.001536  0.001524  0.001513  0.001502  0.001489  0.001472  0.001451  0.001426  0.001400  0.001374  0.001349  0.001326  0.001304  0.001284  0.001266  0.001249  0.001233  0.001218  0.001203  0.001187  0.001172  0.001156  0.001139  0.001121  0.001102  0.001084  
1.000777  0.791279  0.574369  0.377641  0.219984  0.109312  0.043345  0.012704  0.004973  0.008412  0.014367  0.018085  0.018199  0.015482  0.011514  0.007706  0.004853  0.003116  0.002263  0.001936  0.001836  0.001793  0.001745  0.001691  0.001643  0.001606  0.001580  0.001561  0.001544  0.001529  0.001513  0.001496  0.001476  0.001452  0.001427  0.001400  0.001374  0.001349  0.001327  0.001307  0.001289  0.001272  0.001255  0.001238  0.001219  0.001200  0.001180  0.001160  0.001141  0.001123  0.001107  0.001093  0.001080  
1.000777  0.791794  0.575209  0.378542  0.220717  0.109755  0.043512  0.012703  0.004941  0.008448  0.014502  0.018284  0.018396  0.015618  0.011563  0.007678  0.004780  0.003034  0.002194  0.001887  0.001803  0.001766  0.001719  0.001663  0.001611  0.001573  0.001545  0.001525  0.001508  0.001495  0.001484  0.001474  0.001461  0.001444  0.001423  0.001400  0.001376  0.001352  0.001329  0.001306  0.001283  0.001262  0.001241  0.001221  0.001203  0.001186  0.001170  0.001155  0.001141  0.001128  0.001115  0.001102  0.001089  
1.000777  0.790996  0.573837  0.376949  0.219252  0.108654  0.042846  0.012398  0.004843  0.008402  0.014406  0.018112  0.018176  0.015401  0.011391  0.007571  0.004731  0.003024  0.002207  0.001909  0.001830  0.001799  0.001757  0.001704  0.001655  0.001615  0.001584  0.001558  0.001533  0.001510  0.001488  0.001467  0.001446  0.001425  0.001403  0.001381  0.001361  0.001343  0.001325  0.001308  0.001290  0.001271  0.001252  0.001232  0.001212  0.001193  0.001175  0.001159  0.001144  0.001130  0.001116  0.001102  0.001087  
1.000777  0.791246  0.574286  0.377505  0.219810  0.109131  0.043195  0.012614  0.004951  0.008443  0.014420  0.018130  0.018215  0.015467  0.011479  0.007670  0.004828  0.003108  0.002265  0.001937  0.001827  0.001770  0.001711  0.001651  0.001604  0.001574  0.001554  0.001539  0.001523  0.001505  0.001486  0.001465  0.001443  0.001419  0.001397  0.001375  0.001356  0.001337  0.001319  0.001301  0.001280  0.001259  0.001238  0.001219  0.001202  0.001188  0.001175  0.001163  0.001151  0.001138  0.001122  0.001105  0.001087  
1.000777  0.791040  0.573897  0.376992  0.219257  0.108625  0.042810  0.012392  0.004902  0.008542  0.014618  0.018365  0.018431  0.015621  0.011553  0.007670  0.004777  0.003037  0.002204  0.001904  0.001826  0.001794  0.001746  0.001683  0.001622  0.001575  0.001543  0.001522  0.001508  0.001498  0.001488  0.001476  0.001460  0.001440  0.001419  0.001397  0.001377  0.001358  0.001339  0.001319  0.001298  0.001276  0.001255  0.001234  0.001215  0.001197  0.001180  0.001164  0.001148  0.001133  0.001118  0.001102  0.001086  
1.000777  0.790941  0.573759  0.376888  0.219240  0.108707  0.042957  0.012542  0.004991  0.008530  0.014504  0.018182  0.018231  0.015452  0.011447  0.007630  0.004788  0.003072  0.002241  0.001928  0.001837  0.001798  0.001753  0.001699  0.001651  0.001613  0.001584  0.001561  0.001540  0.001520  0.001499  0.001477  0.001453  0.001427  0.001400  0.001374  0.001350  0.001327  0.001306  0.001287  0.001269  0.001252  0.001238  0.001225  0.001212  0.001200  0.001186  0.001170  0.001154  0.001138  0.001121  0.001105  0.001090  
1.000737  0.791233  0.574304  0.377544  0.219851  0.109146  0.043160  0.012517  0.004799  0.008260  0.014239  0.017978  0.018106  0.015397  0.011432  0.007626  0.004772  0.003037  0.002185  0.001861  0.001766  0.001729  0.001689  0.001641  0.001598  0.001565  0.001542  0.001523  0.001507  0.001492  0.001477  0.001461  0.001442  0.001421  0.001398  0.001375  0.001353  0.001332  0.001310  0.001288  0.001266  0.001244  0.001222  0.001202  0.001184  0.001166  0.001149  0.001132  0.001116  0.001099  0.001083  0.001065  0.001048  
1.000777  0.791826  0.575256  0.378583  0.220735  0.109746  0.043485  0.012677  0.004936  0.008476  0.014563  0.018371  0.018496  0.015719  0.011656  0.007762  0.004855  0.003102  0.002254  0.001934  0.001832  0.001776  0.001711  0.001642  0.001586  0.001551  0.001531  0.001519  0.001509  0.001500  0.001491  0.001480  0.001466  0.001448  0.001427  0.001403  0.001379  0.001355  0.001332  0.001309  0.001286  0.001264  0.001243  0.001223  0.001205  0.001189  0.001174  0.001159  0.001145  0.001131  0.001117  0.001102  0.001086  
1.000777  0.791349  0.574477  0.377748  0.220059  0.109344  0.043349  0.012708  0.005006  0.008492  0.014492  0.018241  0.018360  0.015626  0.011625  0.007781  0.004897  0.003140  0.002277  0.001948  0.001850  0.001810  0.001766  0.001713  0.001663  0.001623  0.001592  0.001566  0.001542  0.001520  0.001501  0.001483  0.001466  0.001449  0.001430  0.001410  0.001389  0.001365  0.001339  0.001313  0.001287  0.001264  0.001242  0.001223  0.001205  0.001187  0.001171  0.001155  0.001140  0.001126  0.001113  0.001101  0.001088  
1.000777  0.791235  0.574304  0.377580  0.219947  0.109300  0.043346  0.012699  0.004945  0.008356  0.014290  0.018003  0.018129  0.015434  0.011490  0.007702  0.004857  0.003119  0.002258  0.001918  0.001805  0.001750  0.001695  0.001639  0.001594  0.001568  0.001555  0.001548  0.001541  0.001529  0.001511  0.001489  0.001464  0.001439  0.001416  0.001396  0.001379  0.001362  0.001345  0.001327  0.001307  0.001285  0.001263  0.001242  0.001221  0.001201  0.001183  0.001167  0.001152  0.001137  0.001123  0.001107  0.001091  
1.000777  0.791246  0.574304  0.377556  0.219900  0.109251  0.043327  0.012734  0.005041  0.008491  0.014426  0.018097  0.018151  0.015379  0.011376  0.007559  0.004721  0.003015  0.002195  0.001894  0.001808  0.001768  0.001717  0.001656  0.001604  0.001567  0.001545  0.001531  0.001520  0.001509  0.001497  0.001482  0.001465  0.001446  0.001424  0.001403  0.001381  0.001359  0.001337  0.001316  0.001295  0.001275  0.001256  0.001238  0.001220  0.001202  0.001185  0.001168  0.001151  0.001135  0.001118  0.001100  0.001083  
1.000777  0.791294  0.574388  0.377653  0.219983  0.109299  0.043330  0.012697  0.004982  0.008440  0.014411  0.018138  0.018252  0.015529  0.011551  0.007733  0.004868  0.003123  0.002263  0.001933  0.001834  0.001795  0.001752  0.001700  0.001651  0.001610  0.001577  0.001550  0.001527  0.001510  0.001496  0.001484  0.001471  0.001455  0.001434  0.001410  0.001383  0.001355  0.001328  0.001303  0.001280  0.001261  0.001244  0.001229  0.001214  0.001198  0.001181  0.001164  0.001146  0.001128  0.001111  0.001094  0.001079  
1.000777  0.792133  0.575778  0.379177  0.221259  0.110108  0.043663  0.012712  0.004904  0.008457  0.014607  0.018489  0.018664  0.015895  0.011801  0.007851  0.004884  0.003082  0.002206  0.001880  0.001788  0.001749  0.001701  0.001643  0.001591  0.001552  0.001525  0.001505  0.001488  0.001473  0.001460  0.001447  0.001432  0.001416  0.001397  0.001379  0.001362  0.001347  0.001331  0.001314  0.001295  0.001274  0.001251  0.001230  0.001209  0.001191  0.001173  0.001157  0.001143  0.001128  0.001114  0.001099  0.001084  
1.000737  0.792037  0.575626  0.378982  0.221052  0.109930  0.043553  0.012693  0.004974  0.008587  0.014753  0.018605  0.018718  0.015879  0.011730  0.007754  0.004791  0.003014  0.002172  0.001875  0.001799  0.001763  0.001710  0.001643  0.001583  0.001538  0.001506  0.001483  0.001464  0.001449  0.001438  0.001430  0.001421  0.001408  0.001390  0.001369  0.001346  0.001323  0.001301  0.001280  0.001258  0.001237  0.001217  0.001197  0.001178  0.001160  0.001143  0.001126  0.001109  0.001093  0.001076  0.001059  0.001042  
1.000777  0.791255  0.574319  0.377570  0.219906  0.109246  0.043311  0.012710  0.005017  0.008477  0.014430  0.018127  0.018207  0.015455  0.011457  0.007631  0.004770  0.003034  0.002187  0.001867  0.001776  0.001741  0.001698  0.001646  0.001596  0.001557  0.001532  0.001518  0.001512  0.001511  0.001511  0.001506  0.001492  0.001470  0.001441  0.001411  0.001383  0.001358  0.001337  0.001319  0.001302  0.001285  0.001267  0.001249  0.001231  0.001212  0.001193  0.001175  0.001157  0.001139  0.001122  0.001106  0.001089  
1.000777  0.791274  0.574357  0.377621  0.219957  0.109281  0.043314  0.012674  0.004947  0.008390  0.014348  0.018071  0.018190  0.015479  0.011516  0.007711  0.004855  0.003112  0.002248  0.001909  0.001801  0.001754  0.001708  0.001660  0.001619  0.001590  0.001571  0.001556  0.001541  0.001528  0.001513  0.001498  0.001480  0.001459  0.001434  0.001407  0.001379  0.001351  0.001323  0.001297  0.001273  0.001252  0.001233  0.001216  0.001200  0.001186  0.001171  0.001158  0.001144  0.001131  0.001117  0.001101  0.001086  
1.000737  0.790786  0.573574  0.376764  0.219231  0.108799  0.043080  0.012604  0.004921  0.008310  0.014175  0.017825  0.017929  0.015263  0.011381  0.007660  0.004862  0.003142  0.002274  0.001915  0.001785  0.001722  0.001667  0.001612  0.001567  0.001535  0.001515  0.001504  0.001497  0.001490  0.001481  0.001466  0.001446  0.001420  0.001394  0.001369  0.001347  0.001328  0.001310  0.001290  0.001269  0.001246  0.001221  0.001197  0.001173  0.001152  0.001133  0.001116  0.001101  0.001087  0.001074  0.001059  0.001044  
1.000737  0.790876  0.573670  0.376778  0.219113  0.108566  0.042806  0.012388  0.004844  0.008401  0.014404  0.018118  0.018203  0.015455  0.011468  0.007657  0.004807  0.003075  0.002221  0.001885  0.001773  0.001719  0.001665  0.001613  0.001571  0.001546  0.001530  0.001518  0.001504  0.001486  0.001465  0.001440  0.001414  0.001389  0.001365  0.001345  0.001327  0.001310  0.001292  0.001274  0.001255  0.001234  0.001214  0.001194  0.001174  0.001155  0.001137  0.001120  0.001104  0.001089  0.001074  0.001059  0.001045  
1.000777  0.792158  0.575891  0.379426  0.221644  0.110572  0.044106  0.013028  0.005020  0.008356  0.014336  0.018131  0.018311  0.015615  0.011624  0.007770  0.004870  0.003101  0.002234  0.001905  0.001808  0.001767  0.001719  0.001662  0.001609  0.001567  0.001537  0.001514  0.001496  0.001482  0.001469  0.001457  0.001441  0.001421  0.001398  0.001373  0.001349  0.001327  0.001308  0.001290  0.001273  0.001256  0.001238  0.001220  0.001202  0.001184  0.001167  0.001151  0.001137  0.001123  0.001110  0.001097  0.001084  
1.000777  0.790973  0.573813  0.376946  0.219279  0.108707  0.042905  0.012438  0.004848  0.008370  0.014350  0.018052  0.018134  0.015391  0.011412  0.007613  0.004778  0.003064  0.002230  0.001916  0.001823  0.001782  0.001735  0.001678  0.001625  0.001581  0.001545  0.001515  0.001489  0.001468  0.001452  0.001441  0.001432  0.001422  0.001411  0.001397  0.001380  0.001361  0.001339  0.001315  0.001292  0.001269  0.001248  0.001228  0.001210  0.001193  0.001177  0.001162  0.001147  0.001132  0.001116  0.001098  0.001080  
1.000777  0.791368  0.574527  0.377833  0.220170  0.109456  0.043426  0.012715  0.004921  0.008316  0.014248  0.017967  0.018099  0.015409  0.011469  0.007682  0.004838  0.003101  0.002243  0.001909  0.001808  0.001769  0.001731  0.001687  0.001646  0.001612  0.001585  0.001562  0.001542  0.001525  0.001511  0.001497  0.001481  0.001461  0.001438  0.001412  0.001386  0.001361  0.001336  0.001313  0.001291  0.001272  0.001253  0.001235  0.001216  0.001198  0.001179  0.001161  0.001144  0.001127  0.001111  0.001094  0.001077  
1.000777  0.791315  0.574395  0.377613  0.219887  0.109166  0.043202  0.012621  0.004987  0.008526  0.014550  0.018288  0.018377  0.015606  0.011578  0.007725  0.004844  0.003095  0.002237  0.001903  0.001795  0.001743  0.001690  0.001635  0.001591  0.001562  0.001542  0.001528  0.001516  0.001506  0.001496  0.001486  0.001474  0.001457  0.001435  0.001409  0.001381  0.001352  0.001325  0.001301  0.001279  0.001261  0.001245  0.001232  0.001219  0.001205  0.001190  0.001174  0.001157  0.001140  0.001122  0.001106  0.001089  
1.000737  0.791286  0.574437  0.377771  0.220163  0.109511  0.043528  0.012837  0.005034  0.008399  0.014294  0.017979  0.018087  0.015384  0.011437  0.007649  0.004805  0.003068  0.002208  0.001871  0.001764  0.001716  0.001667  0.001613  0.001565  0.001531  0.001509  0.001496  0.001486  0.001478  0.001467  0.001453  0.001432  0.001406  0.001378  0.001350  0.001324  0.001302  0.001284  0.001266  0.001249  0.001230  0.001211  0.001190  0.001169  0.001150  0.001134  0.001119  0.001106  0.001093  0.001079  0.001064  0.001048  
1.000737  0.790831  0.573642  0.376824  0.219255  0.108775  0.043012  0.012513  0.004833  0.008249  0.014153  0.017839  0.017965  0.015302  0.011408  0.007666  0.004851  0.003121  0.002254  0.001907  0.001793  0.001745  0.001700  0.001650  0.001603  0.001563  0.001531  0.001506  0.001485  0.001467  0.001450  0.001431  0.001409  0.001386  0.001363  0.001341  0.001321  0.001302  0.001283  0.001263  0.001243  0.001222  0.001203  0.001185  0.001167  0.001149  0.001132  0.001114  0.001097  0.001081  0.001067  0.001053  0.001040  
1.000777  0.791285  0.574371  0.377629  0.219955  0.109271  0.043305  0.012679  0.004974  0.008440  0.014417  0.018149  0.018267  0.015547  0.011570  0.007753  0.004889  0.003142  0.002280  0.001946  0.001842  0.001799  0.001753  0.001701  0.001653  0.001614  0.001583  0.001557  0.001534  0.001514  0.001495  0.001477  0.001457  0.001436  0.001414  0.001391  0.001370  0.001349  0.001329  0.001310  0.001291  0.001272  0.001255  0.001237  0.001220  0.001202  0.001185  0.001168  0.001152  0.001136  0.001122  0.001107  0.001093  
1.000737  0.792793  0.577032  0.380777  0.222891  0.111476  0.044566  0.013089  0.004830  0.008101  0.014168  0.018131  0.018474  0.015880  0.011907  0.008003  0.005017  0.003165  0.002243  0.001893  0.001801  0.001778  0.001745  0.001692  0.001633  0.001579  0.001535  0.001500  0.001475  0.001456  0.001443  0.001431  0.001418  0.001401  0.001383  0.001362  0.001341  0.001320  0.001298  0.001276  0.001254  0.001231  0.001208  0.001186  0.001165  0.001145  0.001125  0.001107  0.001089  0.001073  0.001058  0.001043  0.001030  
1.000777  0.792795  0.576980  0.380677  0.222772  0.111387  0.044558  0.013194  0.005047  0.008391  0.014472  0.018389  0.018652  0.015971  0.011934  0.008000  0.005015  0.003177  0.002264  0.001909  0.001798  0.001750  0.001698  0.001641  0.001591  0.001556  0.001533  0.001515  0.001500  0.001487  0.001477  0.001469  0.001462  0.001454  0.001441  0.001424  0.001402  0.001377  0.001350  0.001322  0.001294  0.001270  0.001248  0.001228  0.001211  0.001195  0.001180  0.001164  0.001149  0.001133  0.001117  0.001100  0.001083  
1.000777  0.791077  0.574107  0.377476  0.220017  0.109536  0.043658  0.012953  0.005027  0.008213  0.013950  0.017556  0.017685  0.015082  0.011272  0.007611  0.004854  0.003157  0.002301  0.001950  0.001826  0.001768  0.001716  0.001663  0.001617  0.001584  0.001561  0.001546  0.001535  0.001523  0.001509  0.001490  0.001466  0.001438  0.001411  0.001385  0.001363  0.001344  0.001327  0.001311  0.001295  0.001279  0.001261  0.001243  0.001224  0.001204  0.001185  0.001166  0.001149  0.001132  0.001116  0.001101  0.001084  
1.000777  0.790852  0.573635  0.376792  0.219215  0.108755  0.043040  0.012599  0.004963  0.008388  0.014255  0.017867  0.017906  0.015170  0.011239  0.007504  0.004729  0.003056  0.002241  0.001927  0.001824  0.001772  0.001716  0.001656  0.001604  0.001567  0.001543  0.001527  0.001516  0.001507  0.001498  0.001485  0.001469  0.001447  0.001422  0.001397  0.001374  0.001352  0.001331  0.001312  0.001293  0.001274  0.001256  0.001239  0.001222  0.001205  0.001188  0.001171  0.001153  0.001135  0.001117  0.001100  0.001084  
1.000777  0.792239  0.576007  0.379518  0.221662  0.110495  0.043947  0.012828  0.004829  0.008219  0.014273  0.018141  0.018372  0.015699  0.011706  0.007833  0.004909  0.003120  0.002241  0.001907  0.001812  0.001778  0.001738  0.001690  0.001644  0.001608  0.001579  0.001554  0.001531  0.001511  0.001494  0.001480  0.001467  0.001453  0.001436  0.001415  0.001392  0.001367  0.001341  0.001314  0.001286  0.001260  0.001237  0.001216  0.001198  0.001183  0.001169  0.001156  0.001143  0.001128  0.001113  0.001096  0.001080  
1.000777  0.792209  0.575935  0.379398  0.221510  0.110344  0.043840  0.012802  0.004907  0.008394  0.014516  0.018409  0.018619  0.015891  0.011826  0.007886  0.004911  0.003094  0.002207  0.001882  0.001802  0.001783  0.001754  0.001710  0.001662  0.001621  0.001586  0.001556  0.001531  0.001510  0.001494  0.001481  0.001466  0.001449  0.001429  0.001408  0.001385  0.001362  0.001339  0.001316  0.001293  0.001270  0.001249  0.001230  0.001213  0.001196  0.001181  0.001165  0.001149  0.001132  0.001116  0.001100  0.001085  
1.000777  0.792165  0.575823  0.379214  0.221275  0.110106  0.043655  0.012714  0.004926  0.008493  0.014642  0.018501  0.018638  0.015828  0.011705  0.007746  0.004791  0.003017  0.002174  0.001877  0.001805  0.001777  0.001733  0.001677  0.001626  0.001588  0.001561  0.001539  0.001520  0.001503  0.001490  0.001480  0.001468  0.001453  0.001433  0.001409  0.001383  0.001357  0.001333  0.001311  0.001291  0.001271  0.001253  0.001234  0.001216  0.001197  0.001178  0.001160  0.001143  0.001127  0.001111  0.001096  0.001081  
1.000777  0.791030  0.573897  0.377025  0.219335  0.108742  0.042939  0.012497  0.004948  0.008508  0.014507  0.018204  0.018259  0.015479  0.011467  0.007644  0.004798  0.003078  0.002239  0.001915  0.001811  0.001761  0.001710  0.001658  0.001615  0.001586  0.001566  0.001549  0.001531  0.001514  0.001498  0.001482  0.001466  0.001449  0.001429  0.001408  0.001385  0.001362  0.001337  0.001311  0.001286  0.001262  0.001241  0.001223  0.001207  0.001192  0.001177  0.001162  0.001147  0.001132  0.001117  0.001102  0.001088  
1.000777  0.792030  0.575583  0.378920  0.220988  0.109873  0.043507  0.012656  0.004944  0.008563  0.014736  0.018595  0.018716  0.015881  0.011731  0.007751  0.004783  0.003004  0.002164  0.001872  0.001803  0.001774  0.001726  0.001664  0.001608  0.001568  0.001541  0.001522  0.001505  0.001489  0.001474  0.001460  0.001446  0.001431  0.001413  0.001393  0.001371  0.001349  0.001327  0.001306  0.001285  0.001266  0.001248  0.001231  0.001214  0.001198  0.001181  0.001164  0.001147  0.001130  0.001113  0.001096  0.001079  
1.000777  0.792252  0.575994  0.379446  0.221530  0.110337  0.043822  0.012792  0.004913  0.008410  0.014524  0.018388  0.018559  0.015797  0.011719  0.007791  0.004849  0.003073  0.002220  0.001911  0.001829  0.001793  0.001743  0.001679  0.001619  0.001574  0.001544  0.001523  0.001509  0.001501  0.001497  0.001492  0.001483  0.001467  0.001445  0.001419  0.001392  0.001366  0.001341  0.001319  0.001297  0.001275  0.001253  0.001232  0.001211  0.001191  0.001172  0.001154  0.001137  0.001121  0.001106  0.001092  0.001078  
1.000777  0.791190  0.574235  0.377517  0.219916  0.109314  0.043399  0.012764  0.004988  0.008346  0.014215  0.017871  0.017967  0.015278  0.011368  0.007627  0.004828  0.003120  0.002272  0.001933  0.001815  0.001758  0.001705  0.001650  0.001604  0.001571  0.001546  0.001527  0.001511  0.001497  0.001483  0.001469  0.001452  0.001433  0.001411  0.001390  0.001370  0.001350  0.001331  0.001312  0.001292  0.001272  0.001254  0.001236  0.001219  0.001203  0.001186  0.001169  0.001152  0.001135  0.001117  0.001100  0.001083  
1.000777  0.791654  0.574963  0.378246  0.220430  0.109525  0.043364  0.012640  0.004948  0.008505  0.014588  0.018384  0.018500  0.015719  0.011654  0.007757  0.004843  0.003080  0.002225  0.001907  0.001815  0.001776  0.001731  0.001679  0.001634  0.001601  0.001577  0.001555  0.001534  0.001513  0.001493  0.001475  0.001458  0.001441  0.001422  0.001403  0.001382  0.001359  0.001336  0.001312  0.001289  0.001268  0.001248  0.001231  0.001213  0.001195  0.001177  0.001157  0.001138  0.001120  0.001103  0.001087  0.001073  
1.000737  0.789866  0.572050  0.375091  0.217822  0.107890  0.042678  0.012542  0.004961  0.008259  0.013946  0.017443  0.017487  0.014861  0.011081  0.007473  0.004762  0.003090  0.002240  0.001888  0.001767  0.001720  0.001682  0.001641  0.001601  0.001565  0.001536  0.001514  0.001496  0.001482  0.001468  0.001450  0.001427  0.001401  0.001373  0.001347  0.001325  0.001307  0.001291  0.001275  0.001258  0.001240  0.001220  0.001200  0.001180  0.001161  0.001144  0.001128  0.001112  0.001097  0.001080  0.001064  0.001047  
1.000777  0.791815  0.575231  0.378544  0.220687  0.109700  0.043457  0.012681  0.004981  0.008563  0.014684  0.018509  0.018630  0.015831  0.011734  0.007802  0.004861  0.003085  0.002226  0.001907  0.001815  0.001773  0.001723  0.001666  0.001618  0.001585  0.001562  0.001543  0.001524  0.001503  0.001482  0.001462  0.001443  0.001423  0.001403  0.001382  0.001361  0.001340  0.001320  0.001299  0.001278  0.001257  0.001238  0.001219  0.001202  0.001186  0.001172  0.001157  0.001144  0.001130  0.001116  0.001100  0.001085  
1.000777  0.791137  0.574117  0.377339  0.219703  0.109109  0.043254  0.012724  0.005079  0.008562  0.014519  0.018208  0.018277  0.015515  0.011511  0.007683  0.004820  0.003084  0.002237  0.001918  0.001825  0.001788  0.001745  0.001692  0.001643  0.001604  0.001576  0.001555  0.001538  0.001523  0.001508  0.001492  0.001473  0.001450  0.001426  0.001402  0.001378  0.001355  0.001333  0.001311  0.001289  0.001267  0.001246  0.001227  0.001210  0.001194  0.001179  0.001165  0.001151  0.001137  0.001121  0.001105  0.001089  
1.000737  0.792486  0.576461  0.380049  0.222144  0.110846  0.044148  0.012913  0.004863  0.008259  0.014352  0.018258  0.018503  0.015813  0.011780  0.007865  0.004909  0.003105  0.002225  0.001896  0.001803  0.001761  0.001707  0.001641  0.001581  0.001539  0.001511  0.001493  0.001479  0.001466  0.001452  0.001437  0.001421  0.001403  0.001383  0.001363  0.001344  0.001325  0.001306  0.001286  0.001267  0.001247  0.001227  0.001207  0.001186  0.001165  0.001143  0.001122  0.001101  0.001082  0.001064  0.001048  0.001033  
1.000777  0.792242  0.576009  0.379518  0.221666  0.110514  0.043993  0.012909  0.004944  0.008353  0.014407  0.018252  0.018445  0.015728  0.011697  0.007801  0.004869  0.003085  0.002216  0.001890  0.001794  0.001751  0.001696  0.001632  0.001576  0.001538  0.001517  0.001508  0.001506  0.001507  0.001506  0.001502  0.001491  0.001473  0.001449  0.001422  0.001394  0.001367  0.001342  0.001318  0.001295  0.001273  0.001253  0.001233  0.001215  0.001197  0.001180  0.001163  0.001146  0.001130  0.001114  0.001097  0.001082  
1.000777  0.792104  0.575754  0.379190  0.221326  0.110221  0.043791  0.012815  0.004948  0.008427  0.014513  0.018359  0.018531  0.015788  0.011736  0.007829  0.004897  0.003117  0.002252  0.001930  0.001837  0.001795  0.001742  0.001677  0.001618  0.001571  0.001537  0.001512  0.001493  0.001479  0.001467  0.001456  0.001442  0.001424  0.001402  0.001378  0.001356  0.001337  0.001321  0.001306  0.001290  0.001273  0.001254  0.001232  0.001211  0.001189  0.001170  0.001153  0.001138  0.001124  0.001111  0.001097  0.001082  
1.000737  0.791170  0.574177  0.377369  0.219658  0.108976  0.043052  0.012495  0.004868  0.008403  0.014425  0.018171  0.018279  0.015535  0.011535  0.007703  0.004836  0.003094  0.002240  0.001909  0.001803  0.001750  0.001692  0.001628  0.001571  0.001527  0.001496  0.001473  0.001456  0.001443  0.001433  0.001425  0.001415  0.001403  0.001389  0.001372  0.001353  0.001333  0.001310  0.001286  0.001262  0.001237  0.001215  0.001194  0.001175  0.001158  0.001143  0.001128  0.001114  0.001100  0.001085  0.001070  0.001054  
1.000777  0.791687  0.575029  0.378341  0.220540  0.109635  0.043456  0.012699  0.004970  0.008490  0.014545  0.018324  0.018436  0.015661  0.011610  0.007729  0.004831  0.003082  0.002237  0.001922  0.001831  0.001788  0.001738  0.001680  0.001631  0.001596  0.001571  0.001550  0.001530  0.001512  0.001496  0.001481  0.001466  0.001449  0.001430  0.001409  0.001387  0.001364  0.001342  0.001320  0.001298  0.001277  0.001257  0.001238  0.001220  0.001203  0.001187  0.001171  0.001156  0.001141  0.001125  0.001108  0.001090  
1.000737  0.791154  0.574160  0.377364  0.219674  0.109009  0.043088  0.012516  0.004857  0.008351  0.014331  0.018046  0.018136  0.015390  0.011401  0.007587  0.004742  0.003025  0.002194  0.001885  0.001799  0.001762  0.001716  0.001660  0.001606  0.001563  0.001530  0.001504  0.001484  0.001467  0.001455  0.001443  0.001431  0.001416  0.001399  0.001379  0.001358  0.001335  0.001312  0.001289  0.001265  0.001242  0.001221  0.001200  0.001179  0.001160  0.001142  0.001125  0.001109  0.001093  0.001077  0.001060  0.001043  
1.000737  0.790925  0.573794  0.376992  0.219409  0.108909  0.043146  0.012675  0.005044  0.008507  0.014432  0.018097  0.018164  0.015419  0.011442  0.007640  0.004796  0.003068  0.002223  0.001903  0.001811  0.001776  0.001734  0.001678  0.001622  0.001574  0.001534  0.001502  0.001478  0.001460  0.001447  0.001435  0.001424  0.001409  0.001392  0.001371  0.001348  0.001323  0.001297  0.001270  0.001245  0.001222  0.001201  0.001182  0.001165  0.001148  0.001132  0.001118  0.001103  0.001089  0.001075  0.001060  0.001044  
1.000737  0.791778  0.575229  0.378603  0.220808  0.109856  0.043596  0.012745  0.004928  0.008384  0.014402  0.018173  0.018297  0.015548  0.011529  0.007677  0.004802  0.003067  0.002226  0.001906  0.001803  0.001746  0.001681  0.001612  0.001555  0.001517  0.001495  0.001479  0.001467  0.001456  0.001445  0.001435  0.001423  0.001407  0.001388  0.001367  0.001344  0.001322  0.001301  0.001281  0.001262  0.001243  0.001224  0.001205  0.001186  0.001167  0.001148  0.001130  0.001112  0.001094  0.001076  0.001058  0.001041  
1.000777  0.791988  0.575547  0.378937  0.221074  0.110000  0.043613  0.012671  0.004821  0.008302  0.014384  0.018233  0.018422  0.015712  0.011699  0.007829  0.004920  0.003147  0.002273  0.001933  0.001822  0.001768  0.001713  0.001657  0.001611  0.001580  0.001558  0.001539  0.001520  0.001501  0.001482  0.001464  0.001445  0.001424  0.001403  0.001382  0.001362  0.001345  0.001329  0.001313  0.001296  0.001278  0.001260  0.001241  0.001223  0.001205  0.001188  0.001170  0.001153  0.001135  0.001117  0.001099  0.001082  
1.000777  0.791844  0.575321  0.378718  0.220943  0.110008  0.043762  0.012922  0.005112  0.008566  0.014573  0.018322  0.018415  0.015626  0.011564  0.007676  0.004775  0.003028  0.002194  0.001895  0.001821  0.001796  0.001756  0.001703  0.001651  0.001608  0.001574  0.001546  0.001521  0.001500  0.001483  0.001470  0.001456  0.001442  0.001425  0.001406  0.001385  0.001363  0.001341  0.001318  0.001295  0.001273  0.001252  0.001233  0.001216  0.001198  0.001181  0.001165  0.001148  0.001132  0.001117  0.001102  0.001087  
1.000737  0.791236  0.574321  0.377583  0.219916  0.109237  0.043272  0.012644  0.004940  0.008416  0.014409  0.018158  0.018287  0.015564  0.011570  0.007726  0.004833  0.003064  0.002192  0.001858  0.001761  0.001725  0.001683  0.001631  0.001582  0.001544  0.001520  0.001505  0.001494  0.001485  0.001475  0.001461  0.001444  0.001424  0.001401  0.001378  0.001353  0.001328  0.001301  0.001275  0.001250  0.001227  0.001208  0.001190  0.001173  0.001156  0.001139  0.001122  0.001105  0.001089  0.001074  0.001059  0.001045  
1.000737  0.791558  0.574836  0.378121  0.220332  0.109464  0.043331  0.012612  0.004903  0.008428  0.014475  0.018243  0.018345  0.015563  0.011507  0.007623  0.004723  0.002974  0.002134  0.001830  0.001752  0.001724  0.001685  0.001634  0.001586  0.001549  0.001520  0.001498  0.001479  0.001462  0.001449  0.001437  0.001425  0.001410  0.001392  0.001371  0.001348  0.001323  0.001297  0.001270  0.001244  0.001221  0.001200  0.001182  0.001165  0.001150  0.001135  0.001120  0.001104  0.001089  0.001072  0.001056  0.001040  
1.000777  0.791663  0.574985  0.378284  0.220483  0.109590  0.043434  0.012710  0.005016  0.008569  0.014645  0.018431  0.018529  0.015724  0.011633  0.007711  0.004782  0.003017  0.002172  0.001871  0.001797  0.001771  0.001731  0.001678  0.001627  0.001590  0.001564  0.001546  0.001531  0.001518  0.001506  0.001494  0.001480  0.001464  0.001444  0.001423  0.001400  0.001377  0.001354  0.001330  0.001307  0.001283  0.001261  0.001239  0.001217  0.001196  0.001177  0.001159  0.001143  0.001129  0.001115  0.001101  0.001087  
1.000777  0.791131  0.574089  0.377277  0.219605  0.108990  0.043136  0.012633  0.005030  0.008556  0.014543  0.018243  0.018306  0.015528  0.011508  0.007670  0.004807  0.003076  0.002235  0.001917  0.001822  0.001779  0.001728  0.001671  0.001620  0.001583  0.001558  0.001539  0.001524  0.001509  0.001495  0.001479  0.001462  0.001443  0.001422  0.001402  0.001382  0.001363  0.001343  0.001323  0.001302  0.001281  0.001260  0.001239  0.001219  0.001201  0.001183  0.001167  0.001151  0.001137  0.001123  0.001108  0.001094  
1.000737  0.791874  0.575411  0.378844  0.221074  0.110118  0.043835  0.012958  0.005121  0.008569  0.014588  0.018361  0.018480  0.015712  0.011660  0.007768  0.004853  0.003087  0.002230  0.001908  0.001813  0.001768  0.001713  0.001651  0.001597  0.001560  0.001536  0.001521  0.001510  0.001499  0.001488  0.001474  0.001455  0.001432  0.001404  0.001375  0.001345  0.001318  0.001293  0.001271  0.001251  0.001232  0.001214  0.001196  0.001178  0.001159  0.001140  0.001121  0.001103  0.001086  0.001069  0.001053  0.001037  