0.003000  0.004100  0.005200  0.006300  0.007400  0.008500  0.009600  0.010700  0.011800  0.012900  0.014000  0.015100  0.016200  0.017300  0.018400  0.019500  0.020600  0.021700  0.022800  0.023900  0.025000  0.026100  0.027200  0.028300  0.029400  0.030500  0.031600  0.032700  0.033800  0.034900  0.036000  0.037100  0.038200  0.039300  0.040400  0.041500  0.042600  0.043700  0.044800  0.045900  0.047000  0.048100  0.049200  0.050300  0.051400  0.052500  0.053600  0.054700  0.055800  0.056900  0.058000  0.059100  0.060200  
1.000065  0.838374  0.661218  0.487646  0.333322  0.208490  0.117261  0.058183  0.025776  0.012497  0.010645  0.013778  0.017469  0.019400  0.018970  0.016660  0.013400  0.010080  0.007293  0.005273  0.003977  0.003214  0.002767  0.002468  0.002222  0.001996  0.001791  0.001618  0.001482  0.001380  0.001304  0.001243  0.001190  0.001143  0.001101  0.001063  0.001029  0.000998  0.000967  0.000935  0.000902  0.000867  0.000832  0.000798  0.000766  0.000735  0.000706  0.000679  0.000652  0.000627  0.000602  0.000578  0.000553  
1.000008  0.839706  0.663539  0.490269  0.335494  0.209624  0.117096  0.056839  0.023679  0.010230  0.008758  0.012641  0.017193  0.019848  0.019839  0.017601  0.014120  0.010418  0.007231  0.004908  0.003463  0.002704  0.002369  0.002228  0.002129  0.002002  0.001840  0.001662  0.001494  0.001352  0.001244  0.001164  0.001106  0.001062  0.001026  0.000996  0.000968  0.000941  0.000915  0.000887  0.000856  0.000825  0.000791  0.000758  0.000726  0.000695  0.000666  0.000638  0.000611  0.000582  0.000553  0.000524  0.000494  
1.000008  0.839191  0.662546  0.488926  0.333987  0.208151  0.115825  0.055877  0.023061  0.009924  0.008686  0.012705  0.017304  0.019939  0.019876  0.017579  0.014054  0.010330  0.007142  0.004832  0.003405  0.002663  0.002341  0.002206  0.002109  0.001983  0.001820  0.001643  0.001476  0.001336  0.001229  0.001151  0.001093  0.001049  0.001011  0.000977  0.000944  0.000912  0.000880  0.000849  0.000817  0.000785  0.000754  0.000723  0.000693  0.000665  0.000638  0.000613  0.000590  0.000568  0.000546  0.000523  0.000500  
1.000022  0.840320  0.664232  0.490350  0.334349  0.206938  0.112983  0.051831  0.018581  0.005888  0.005834  0.011446  0.017639  0.021515  0.022126  0.019899  0.015963  0.011561  0.007658  0.004774  0.003008  0.002165  0.001921  0.001959  0.002047  0.002064  0.001982  0.001827  0.001643  0.001469  0.001327  0.001221  0.001146  0.001090  0.001046  0.001006  0.000968  0.000931  0.000896  0.000862  0.000829  0.000797  0.000767  0.000736  0.000706  0.000676  0.000646  0.000619  0.000593  0.000569  0.000546  0.000525  0.000504  
1.000065  0.841395  0.666409  0.493538  0.338296  0.211268  0.117255  0.055614  0.021530  0.007802  0.006682  0.011360  0.016873  0.020380  0.020924  0.018868  0.015246  0.011198  0.007607  0.004943  0.003287  0.002459  0.002163  0.002116  0.002117  0.002062  0.001932  0.001752  0.001562  0.001395  0.001266  0.001176  0.001116  0.001074  0.001040  0.001008  0.000976  0.000942  0.000909  0.000877  0.000848  0.000821  0.000797  0.000773  0.000751  0.000727  0.000703  0.000678  0.000651  0.000624  0.000597  0.000571  0.000545  
1.000008  0.838130  0.660554  0.486323  0.331191  0.205566  0.113749  0.054452  0.022270  0.009629  0.008692  0.012820  0.017384  0.019910  0.019727  0.017340  0.013775  0.010055  0.006899  0.004629  0.003241  0.002528  0.002226  0.002109  0.002029  0.001922  0.001778  0.001618  0.001465  0.001333  0.001228  0.001148  0.001085  0.001036  0.000994  0.000958  0.000925  0.000894  0.000864  0.000834  0.000804  0.000773  0.000741  0.000709  0.000678  0.000647  0.000617  0.000589  0.000563  0.000538  0.000516  0.000494  0.000474  
1.000022  0.842100  0.667664  0.494988  0.339542  0.211986  0.117284  0.054991  0.020462  0.006594  0.005640  0.010709  0.016705  0.020651  0.021484  0.019523  0.015813  0.011556  0.007710  0.004818  0.003010  0.002119  0.001840  0.001862  0.001949  0.001975  0.001902  0.001752  0.001570  0.001397  0.001258  0.001159  0.001093  0.001051  0.001021  0.000995  0.000969  0.000943  0.000915  0.000888  0.000861  0.000834  0.000807  0.000780  0.000751  0.000722  0.000693  0.000663  0.000633  0.000604  0.000576  0.000549  0.000522  
1.000027  0.840008  0.663702  0.489771  0.333898  0.206749  0.113104  0.052210  0.019087  0.006351  0.006095  0.011402  0.017266  0.020869  0.021316  0.019058  0.015211  0.010978  0.007273  0.004571  0.002937  0.002165  0.001936  0.001949  0.001995  0.001970  0.001859  0.001691  0.001510  0.001351  0.001228  0.001142  0.001083  0.001040  0.001005  0.000973  0.000942  0.000913  0.000884  0.000857  0.000831  0.000805  0.000779  0.000751  0.000723  0.000695  0.000666  0.000637  0.000608  0.000579  0.000551  0.000522  0.000495  
1.000008  0.828526  0.642665  0.463220  0.306766  0.183489  0.096607  0.043307  0.016689  0.008108  0.009282  0.013736  0.017421  0.018595  0.017219  0.014177  0.010584  0.007325  0.004872  0.003301  0.002439  0.002024  0.001820  0.001678  0.001533  0.001382  0.001241  0.001128  0.001049  0.000996  0.000961  0.000933  0.000906  0.000879  0.000852  0.000826  0.000802  0.000778  0.000755  0.000731  0.000705  0.000678  0.000650  0.000622  0.000595  0.000569  0.000546  0.000524  0.000503  0.000484  0.000464  0.000445  0.000425  
1.000008  0.828847  0.643237  0.463915  0.307442  0.184030  0.096958  0.043474  0.016728  0.008098  0.009293  0.013812  0.017571  0.018798  0.017440  0.014383  0.010754  0.007455  0.004970  0.003384  0.002524  0.002122  0.001935  0.001806  0.001668  0.001511  0.001357  0.001222  0.001118  0.001041  0.000985  0.000941  0.000904  0.000872  0.000842  0.000815  0.000790  0.000765  0.000742  0.000719  0.000697  0.000676  0.000656  0.000637  0.000617  0.000596  0.000574  0.000550  0.000525  0.000501  0.000477  0.000456  0.000435  
1.000008  0.830716  0.646751  0.468509  0.312377  0.188585  0.100592  0.045919  0.017998  0.008425  0.009024  0.013296  0.017081  0.018489  0.017350  0.014468  0.010930  0.007638  0.005102  0.003440  0.002508  0.002055  0.001843  0.001713  0.001587  0.001453  0.001322  0.001211  0.001126  0.001066  0.001021  0.000985  0.000952  0.000921  0.000890  0.000861  0.000834  0.000807  0.000782  0.000757  0.000732  0.000707  0.000681  0.000655  0.000627  0.000599  0.000570  0.000541  0.000514  0.000489  0.000467  0.000447  0.000428  
1.000008  0.831207  0.647666  0.469690  0.313621  0.189694  0.101421  0.046402  0.018149  0.008322  0.008775  0.013005  0.016824  0.018303  0.017237  0.014403  0.010882  0.007584  0.005032  0.003359  0.002429  0.001990  0.001802  0.001695  0.001586  0.001457  0.001321  0.001197  0.001097  0.001025  0.000975  0.000940  0.000915  0.000895  0.000877  0.000860  0.000840  0.000819  0.000794  0.000766  0.000736  0.000705  0.000675  0.000647  0.000621  0.000597  0.000575  0.000555  0.000536  0.000516  0.000496  0.000475  0.000453  
1.000008  0.830658  0.646624  0.468306  0.312092  0.188214  0.100141  0.045407  0.017460  0.007909  0.008582  0.012972  0.016895  0.018435  0.017395  0.014562  0.011022  0.007689  0.005094  0.003378  0.002411  0.001950  0.001750  0.001642  0.001538  0.001415  0.001282  0.001158  0.001058  0.000984  0.000933  0.000900  0.000876  0.000856  0.000837  0.000818  0.000796  0.000773  0.000749  0.000724  0.000699  0.000675  0.000652  0.000629  0.000607  0.000586  0.000564  0.000543  0.000522  0.000501  0.000480  0.000459  0.000437  
1.000065  0.831441  0.647788  0.469349  0.312532  0.187754  0.098758  0.043350  0.015155  0.005817  0.007058  0.012181  0.016795  0.018824  0.018006  0.015146  0.011416  0.007837  0.005029  0.003185  0.002185  0.001762  0.001638  0.001609  0.001568  0.001485  0.001372  0.001256  0.001155  0.001077  0.001020  0.000976  0.000941  0.000911  0.000884  0.000860  0.000839  0.000820  0.000802  0.000783  0.000762  0.000739  0.000714  0.000687  0.000661  0.000635  0.000611  0.000587  0.000565  0.000543  0.000521  0.000499  0.000476  
1.000008  0.830942  0.647150  0.468982  0.312809  0.188880  0.100695  0.045828  0.017760  0.008115  0.008720  0.013060  0.016939  0.018434  0.017350  0.014481  0.010918  0.007581  0.004998  0.003306  0.002368  0.001932  0.001753  0.001660  0.001566  0.001450  0.001323  0.001204  0.001105  0.001029  0.000973  0.000930  0.000897  0.000871  0.000848  0.000829  0.000811  0.000793  0.000773  0.000752  0.000729  0.000705  0.000680  0.000656  0.000633  0.000609  0.000586  0.000562  0.000537  0.000510  0.000484  0.000457  0.000431  
1.000008  0.830612  0.646521  0.468142  0.311877  0.187972  0.099903  0.045204  0.017315  0.007827  0.008552  0.012971  0.016897  0.018418  0.017351  0.014494  0.010940  0.007608  0.005023  0.003320  0.002366  0.001912  0.001716  0.001612  0.001516  0.001407  0.001295  0.001196  0.001118  0.001060  0.001017  0.000980  0.000946  0.000913  0.000880  0.000848  0.000818  0.000791  0.000766  0.000743  0.000721  0.000699  0.000676  0.000653  0.000628  0.000602  0.000575  0.000548  0.000522  0.000497  0.000472  0.000448  0.000424  
1.000008  0.836496  0.657606  0.482679  0.327559  0.202529  0.111612  0.053191  0.021589  0.009095  0.007893  0.011494  0.015477  0.017564  0.017205  0.014931  0.011707  0.008444  0.005746  0.003849  0.002704  0.002111  0.001838  0.001704  0.001599  0.001483  0.001355  0.001230  0.001122  0.001039  0.000980  0.000940  0.000913  0.000894  0.000879  0.000863  0.000846  0.000826  0.000802  0.000776  0.000747  0.000717  0.000686  0.000657  0.000629  0.000602  0.000577  0.000553  0.000530  0.000508  0.000486  0.000464  0.000443  
1.000027  0.838902  0.661802  0.487594  0.331989  0.205490  0.112600  0.052266  0.019290  0.006219  0.005234  0.009625  0.014638  0.017667  0.017937  0.015898  0.012567  0.008990  0.005924  0.003727  0.002410  0.001775  0.001556  0.001517  0.001509  0.001465  0.001380  0.001275  0.001175  0.001092  0.001031  0.000985  0.000947  0.000913  0.000881  0.000852  0.000825  0.000803  0.000783  0.000766  0.000748  0.000728  0.000706  0.000680  0.000652  0.000624  0.000596  0.000569  0.000544  0.000521  0.000499  0.000478  0.000457  
1.000027  0.838249  0.660540  0.485883  0.330058  0.203584  0.110927  0.050961  0.018400  0.005713  0.005023  0.009599  0.014691  0.017720  0.017947  0.015851  0.012473  0.008868  0.005792  0.003599  0.002292  0.001667  0.001455  0.001421  0.001418  0.001382  0.001307  0.001215  0.001130  0.001063  0.001015  0.000980  0.000950  0.000921  0.000891  0.000861  0.000833  0.000810  0.000789  0.000771  0.000754  0.000735  0.000713  0.000689  0.000662  0.000633  0.000603  0.000575  0.000547  0.000522  0.000498  0.000476  0.000454  
1.000027  0.838371  0.660784  0.486231  0.330482  0.204051  0.111407  0.051431  0.018845  0.006122  0.005391  0.009921  0.014964  0.017941  0.018116  0.015975  0.012561  0.008936  0.005857  0.003675  0.002390  0.001788  0.001595  0.001569  0.001560  0.001505  0.001402  0.001279  0.001165  0.001074  0.001012  0.000970  0.000940  0.000915  0.000890  0.000865  0.000840  0.000817  0.000796  0.000776  0.000758  0.000740  0.000721  0.000700  0.000676  0.000649  0.000620  0.000589  0.000558  0.000528  0.000499  0.000472  0.000447  
1.000027  0.839117  0.662211  0.488137  0.332576  0.206025  0.113002  0.052488  0.019326  0.006101  0.005021  0.009386  0.014432  0.017532  0.017882  0.015908  0.012608  0.009028  0.005931  0.003687  0.002324  0.001657  0.001422  0.001385  0.001391  0.001367  0.001301  0.001211  0.001121  0.001046  0.000991  0.000952  0.000923  0.000898  0.000874  0.000852  0.000829  0.000808  0.000788  0.000767  0.000746  0.000723  0.000698  0.000673  0.000647  0.000622  0.000599  0.000575  0.000553  0.000530  0.000506  0.000482  0.000457  
1.000027  0.838498  0.661053  0.486635  0.330983  0.204588  0.111900  0.051800  0.019024  0.006077  0.005125  0.009476  0.014406  0.017348  0.017556  0.015498  0.012188  0.008663  0.005662  0.003529  0.002267  0.001672  0.001479  0.001459  0.001464  0.001432  0.001356  0.001259  0.001163  0.001082  0.001020  0.000972  0.000932  0.000896  0.000864  0.000835  0.000810  0.000790  0.000773  0.000757  0.000741  0.000723  0.000701  0.000677  0.000650  0.000622  0.000594  0.000566  0.000540  0.000515  0.000492  0.000471  0.000450  
1.000027  0.838637  0.661318  0.486986  0.331372  0.204967  0.112234  0.052072  0.019237  0.006246  0.005272  0.009620  0.014563  0.017525  0.017754  0.015711  0.012410  0.008885  0.005876  0.003726  0.002437  0.001809  0.001577  0.001514  0.001478  0.001410  0.001309  0.001198  0.001101  0.001029  0.000983  0.000954  0.000933  0.000913  0.000889  0.000863  0.000835  0.000808  0.000783  0.000759  0.000738  0.000716  0.000694  0.000671  0.000646  0.000619  0.000592  0.000565  0.000538  0.000513  0.000490  0.000469  0.000449  
1.000008  0.838425  0.660898  0.486372  0.330609  0.204123  0.111391  0.051312  0.018623  0.005816  0.005031  0.009540  0.014594  0.017607  0.017832  0.015744  0.012378  0.008788  0.005732  0.003559  0.002273  0.001668  0.001472  0.001448  0.001446  0.001405  0.001319  0.001212  0.001111  0.001030  0.000970  0.000927  0.000894  0.000865  0.000838  0.000814  0.000794  0.000776  0.000761  0.000746  0.000730  0.000710  0.000687  0.000662  0.000634  0.000606  0.000578  0.000552  0.000528  0.000505  0.000483  0.000462  0.000441  
1.000008  0.838559  0.661161  0.486734  0.331017  0.204514  0.111705  0.051504  0.018674  0.005736  0.004853  0.009314  0.014370  0.017424  0.017710  0.015682  0.012361  0.008795  0.005740  0.003555  0.002252  0.001635  0.001433  0.001413  0.001420  0.001388  0.001309  0.001206  0.001106  0.001025  0.000968  0.000930  0.000903  0.000882  0.000862  0.000841  0.000819  0.000797  0.000773  0.000748  0.000722  0.000695  0.000667  0.000640  0.000615  0.000591  0.000568  0.000547  0.000527  0.000506  0.000486  0.000464  0.000441  
1.000008  0.838670  0.661352  0.486956  0.331222  0.204672  0.111813  0.051585  0.018769  0.005883  0.005077  0.009615  0.014725  0.017795  0.018055  0.015970  0.012574  0.008935  0.005822  0.003600  0.002283  0.001665  0.001470  0.001455  0.001464  0.001429  0.001344  0.001235  0.001131  0.001049  0.000995  0.000961  0.000940  0.000922  0.000903  0.000881  0.000856  0.000830  0.000804  0.000779  0.000754  0.000730  0.000707  0.000683  0.000658  0.000632  0.000606  0.000579  0.000551  0.000524  0.000498  0.000473  0.000448  
1.000008  0.839103  0.662193  0.488102  0.332516  0.205940  0.112899  0.052381  0.019228  0.006023  0.004966  0.009347  0.014399  0.017493  0.017829  0.015837  0.012524  0.008939  0.005848  0.003621  0.002284  0.001643  0.001433  0.001415  0.001432  0.001411  0.001342  0.001246  0.001148  0.001068  0.001010  0.000971  0.000943  0.000920  0.000897  0.000873  0.000846  0.000819  0.000792  0.000765  0.000739  0.000713  0.000687  0.000660  0.000632  0.000603  0.000574  0.000545  0.000517  0.000491  0.000467  0.000444  0.000423  
1.000008  0.838539  0.661109  0.486645  0.330892  0.204369  0.111565  0.051397  0.018628  0.005766  0.004959  0.009478  0.014561  0.017609  0.017858  0.015777  0.012398  0.008786  0.005705  0.003516  0.002229  0.001637  0.001462  0.001461  0.001479  0.001446  0.001360  0.001247  0.001138  0.001050  0.000989  0.000949  0.000922  0.000898  0.000874  0.000848  0.000820  0.000793  0.000767  0.000744  0.000723  0.000702  0.000681  0.000659  0.000636  0.000611  0.000585  0.000559  0.000534  0.000511  0.000489  0.000467  0.000446  
1.000009  0.836356  0.657356  0.482370  0.327239  0.202220  0.111304  0.052846  0.021161  0.008548  0.007218  0.010715  0.014646  0.016743  0.016452  0.014286  0.011181  0.008028  0.005414  0.003570  0.002452  0.001871  0.001606  0.001484  0.001402  0.001317  0.001228  0.001143  0.001072  0.001018  0.000979  0.000949  0.000923  0.000899  0.000875  0.000851  0.000826  0.000801  0.000773  0.000743  0.000711  0.000678  0.000646  0.000615  0.000588  0.000563  0.000542  0.000524  0.000506  0.000490  0.000473  0.000455  0.000435  
1.000009  0.836262  0.657151  0.482054  0.326835  0.201776  0.110881  0.052508  0.020952  0.008484  0.007283  0.010862  0.014814  0.016876  0.016513  0.014263  0.011090  0.007900  0.005286  0.003473  0.002403  0.001871  0.001645  0.001544  0.001465  0.001371  0.001264  0.001161  0.001076  0.001012  0.000968  0.000935  0.000908  0.000882  0.000857  0.000833  0.000808  0.000785  0.000763  0.000741  0.000718  0.000695  0.000671  0.000646  0.000620  0.000594  0.000568  0.000543  0.000519  0.000496  0.000475  0.000455  0.000435  
1.000009  0.836214  0.657029  0.481835  0.326509  0.201352  0.110394  0.052007  0.020499  0.008138  0.007083  0.010829  0.014938  0.017127  0.016843  0.014620  0.011427  0.008184  0.005498  0.003611  0.002478  0.001899  0.001646  0.001534  0.001456  0.001368  0.001267  0.001169  0.001084  0.001018  0.000970  0.000935  0.000908  0.000883  0.000860  0.000837  0.000812  0.000787  0.000760  0.000733  0.000707  0.000681  0.000658  0.000636  0.000615  0.000595  0.000574  0.000552  0.000530  0.000507  0.000484  0.000460  0.000438  
1.000009  0.836120  0.656903  0.481763  0.326570  0.201588  0.110798  0.052523  0.021041  0.008615  0.007429  0.011010  0.014965  0.017038  0.016692  0.014460  0.011296  0.008101  0.005465  0.003618  0.002511  0.001946  0.001695  0.001579  0.001493  0.001395  0.001284  0.001175  0.001082  0.001011  0.000960  0.000924  0.000898  0.000875  0.000852  0.000829  0.000805  0.000781  0.000759  0.000738  0.000719  0.000701  0.000682  0.000661  0.000638  0.000613  0.000587  0.000560  0.000534  0.000509  0.000485  0.000462  0.000440  
1.000009  0.836267  0.657182  0.482135  0.326977  0.201977  0.111123  0.052763  0.021195  0.008699  0.007469  0.011034  0.014992  0.017077  0.016743  0.014511  0.011335  0.008118  0.005454  0.003582  0.002456  0.001881  0.001632  0.001526  0.001453  0.001370  0.001271  0.001169  0.001080  0.001009  0.000957  0.000920  0.000893  0.000871  0.000851  0.000831  0.000810  0.000787  0.000764  0.000740  0.000716  0.000691  0.000667  0.000643  0.000619  0.000596  0.000574  0.000553  0.000533  0.000512  0.000492  0.000471  0.000448  
1.000008  0.840040  0.663998  0.490538  0.335234  0.208561  0.115088  0.053910  0.020003  0.006081  0.004443  0.008437  0.013305  0.016388  0.016836  0.015025  0.011911  0.008509  0.005566  0.003447  0.002180  0.001581  0.001392  0.001382  0.001401  0.001378  0.001307  0.001208  0.001108  0.001025  0.000963  0.000920  0.000887  0.000859  0.000831  0.000804  0.000779  0.000756  0.000737  0.000721  0.000708  0.000695  0.000682  0.000667  0.000649  0.000628  0.000604  0.000578  0.000551  0.000523  0.000495  0.000469  0.000443  
1.000008  0.840201  0.664318  0.490987  0.335764  0.209115  0.115613  0.054365  0.020367  0.006351  0.004634  0.008575  0.013417  0.016499  0.016963  0.015173  0.012079  0.008687  0.005740  0.003602  0.002305  0.001666  0.001432  0.001378  0.001355  0.001298  0.001201  0.001089  0.000989  0.000916  0.000874  0.000856  0.000851  0.000849  0.000843  0.000831  0.000813  0.000789  0.000764  0.000739  0.000715  0.000694  0.000674  0.000655  0.000636  0.000615  0.000591  0.000566  0.000539  0.000511  0.000483  0.000456  0.000430  
1.000008  0.835442  0.655695  0.480295  0.325147  0.200460  0.110090  0.052225  0.021030  0.008712  0.007466  0.010876  0.014628  0.016537  0.016111  0.013888  0.010805  0.007727  0.005211  0.003463  0.002421  0.001891  0.001654  0.001542  0.001457  0.001362  0.001257  0.001155  0.001069  0.001004  0.000957  0.000925  0.000901  0.000881  0.000860  0.000838  0.000814  0.000788  0.000762  0.000735  0.000710  0.000687  0.000666  0.000646  0.000626  0.000605  0.000583  0.000560  0.000536  0.000512  0.000489  0.000467  0.000446  
1.000009  0.836399  0.657473  0.482590  0.327580  0.202682  0.111862  0.053450  0.021741  0.009033  0.007547  0.010853  0.014591  0.016528  0.016135  0.013934  0.010857  0.007777  0.005256  0.003503  0.002458  0.001921  0.001675  0.001552  0.001457  0.001357  0.001250  0.001150  0.001065  0.000997  0.000944  0.000903  0.000869  0.000843  0.000823  0.000809  0.000799  0.000791  0.000782  0.000770  0.000753  0.000731  0.000705  0.000676  0.000646  0.000615  0.000586  0.000557  0.000530  0.000505  0.000481  0.000458  0.000436  
1.000014  0.835923  0.656541  0.481309  0.326112  0.201204  0.110534  0.052387  0.021000  0.008613  0.007404  0.010913  0.014770  0.016747  0.016332  0.014068  0.010913  0.007759  0.005183  0.003403  0.002358  0.001844  0.001634  0.001550  0.001488  0.001410  0.001313  0.001214  0.001124  0.001050  0.000992  0.000947  0.000911  0.000881  0.000855  0.000833  0.000812  0.000792  0.000772  0.000751  0.000730  0.000707  0.000684  0.000660  0.000635  0.000610  0.000586  0.000562  0.000538  0.000515  0.000492  0.000470  0.000448  
1.000008  0.834196  0.653324  0.477152  0.321718  0.197248  0.107500  0.050488  0.020179  0.008609  0.007860  0.011491  0.015227  0.016970  0.016325  0.013911  0.010709  0.007594  0.005104  0.003410  0.002422  0.001926  0.001697  0.001574  0.001470  0.001358  0.001242  0.001138  0.001054  0.000991  0.000947  0.000914  0.000890  0.000870  0.000853  0.000837  0.000820  0.000802  0.000781  0.000758  0.000733  0.000707  0.000681  0.000656  0.000633  0.000610  0.000587  0.000564  0.000540  0.000514  0.000488  0.000461  0.000434  
1.000009  0.835803  0.656268  0.480866  0.325512  0.200499  0.109807  0.051738  0.020522  0.008372  0.007419  0.011157  0.015179  0.017240  0.016826  0.014503  0.011256  0.008005  0.005349  0.003515  0.002442  0.001918  0.001707  0.001620  0.001551  0.001458  0.001342  0.001222  0.001112  0.001023  0.000955  0.000906  0.000871  0.000846  0.000827  0.000812  0.000799  0.000784  0.000766  0.000747  0.000724  0.000701  0.000677  0.000653  0.000629  0.000607  0.000586  0.000566  0.000546  0.000525  0.000504  0.000481  0.000458  
1.000014  0.835482  0.655714  0.480230  0.324953  0.200131  0.109669  0.051790  0.020672  0.008509  0.007459  0.011063  0.014965  0.016957  0.016543  0.014274  0.011109  0.007939  0.005340  0.003529  0.002448  0.001899  0.001658  0.001550  0.001474  0.001388  0.001290  0.001193  0.001109  0.001043  0.000995  0.000960  0.000933  0.000910  0.000889  0.000867  0.000843  0.000818  0.000791  0.000765  0.000738  0.000712  0.000686  0.000661  0.000636  0.000611  0.000586  0.000560  0.000535  0.000510  0.000486  0.000462  0.000439  
1.000009  0.836354  0.657354  0.482375  0.327264  0.202286  0.111433  0.053053  0.021446  0.008896  0.007597  0.011086  0.014968  0.016988  0.016610  0.014363  0.011199  0.008016  0.005397  0.003569  0.002476  0.001920  0.001674  0.001561  0.001477  0.001384  0.001281  0.001180  0.001095  0.001030  0.000983  0.000949  0.000924  0.000902  0.000882  0.000862  0.000842  0.000819  0.000796  0.000770  0.000744  0.000717  0.000690  0.000662  0.000634  0.000607  0.000581  0.000556  0.000532  0.000509  0.000487  0.000466  0.000445  
1.000009  0.834821  0.654452  0.478543  0.323089  0.198349  0.108181  0.050719  0.020037  0.008237  0.007420  0.011112  0.014984  0.016879  0.016356  0.014015  0.010837  0.007711  0.005193  0.003471  0.002462  0.001952  0.001717  0.001589  0.001481  0.001365  0.001247  0.001141  0.001059  0.000999  0.000957  0.000926  0.000902  0.000880  0.000860  0.000841  0.000822  0.000803  0.000781  0.000757  0.000732  0.000707  0.000681  0.000655  0.000630  0.000605  0.000581  0.000556  0.000532  0.000508  0.000485  0.000461  0.000438  
1.000008  0.835002  0.654806  0.479027  0.323641  0.198904  0.108681  0.051125  0.020334  0.008431  0.007529  0.011161  0.014994  0.016864  0.016321  0.013959  0.010761  0.007617  0.005090  0.003372  0.002382  0.001903  0.001703  0.001607  0.001519  0.001409  0.001283  0.001159  0.001054  0.000974  0.000917  0.000880  0.000854  0.000837  0.000822  0.000809  0.000795  0.000780  0.000762  0.000743  0.000722  0.000700  0.000677  0.000653  0.000629  0.000603  0.000577  0.000551  0.000525  0.000499  0.000474  0.000451  0.000429  
1.000009  0.834594  0.654178  0.478441  0.323321  0.198953  0.109050  0.051638  0.020768  0.008599  0.007349  0.010671  0.014329  0.016195  0.015795  0.013654  0.010676  0.007690  0.005232  0.003504  0.002458  0.001913  0.001666  0.001554  0.001479  0.001398  0.001303  0.001205  0.001115  0.001041  0.000985  0.000946  0.000918  0.000899  0.000882  0.000866  0.000848  0.000826  0.000801  0.000772  0.000743  0.000713  0.000684  0.000658  0.000633  0.000610  0.000588  0.000568  0.000548  0.000527  0.000506  0.000483  0.000458  
1.000009  0.838777  0.661649  0.487513  0.332057  0.205727  0.112951  0.052615  0.019490  0.006140  0.004799  0.008833  0.013564  0.016436  0.016693  0.014765  0.011626  0.008272  0.005413  0.003376  0.002162  0.001581  0.001378  0.001337  0.001323  0.001278  0.001199  0.001107  0.001024  0.000963  0.000924  0.000900  0.000883  0.000867  0.000848  0.000826  0.000802  0.000778  0.000755  0.000733  0.000712  0.000691  0.000671  0.000650  0.000628  0.000605  0.000581  0.000556  0.000530  0.000505  0.000480  0.000455  0.000430  
1.000009  0.834494  0.653954  0.478084  0.322848  0.198408  0.108493  0.051136  0.020369  0.008329  0.007200  0.010613  0.014319  0.016191  0.015771  0.013601  0.010598  0.007602  0.005147  0.003430  0.002394  0.001854  0.001604  0.001486  0.001403  0.001317  0.001222  0.001129  0.001046  0.000979  0.000929  0.000893  0.000868  0.000851  0.000838  0.000829  0.000819  0.000809  0.000795  0.000778  0.000758  0.000734  0.000707  0.000679  0.000649  0.000620  0.000592  0.000566  0.000541  0.000519  0.000497  0.000476  0.000454  
1.000009  0.839038  0.662154  0.488200  0.332836  0.206502  0.113639  0.053162  0.019873  0.006365  0.004893  0.008836  0.013514  0.016368  0.016632  0.014727  0.011617  0.008290  0.005452  0.003427  0.002217  0.001630  0.001415  0.001360  0.001334  0.001281  0.001200  0.001111  0.001037  0.000984  0.000952  0.000931  0.000912  0.000890  0.000863  0.000832  0.000801  0.000773  0.000748  0.000727  0.000709  0.000692  0.000675  0.000656  0.000635  0.000612  0.000586  0.000560  0.000533  0.000507  0.000481  0.000456  0.000433  
1.000014  0.837523  0.659628  0.485489  0.330813  0.205815  0.114529  0.055422  0.022952  0.009560  0.007567  0.010580  0.014222  0.016203  0.015925  0.013847  0.010862  0.007825  0.005303  0.003520  0.002435  0.001862  0.001590  0.001453  0.001354  0.001256  0.001156  0.001067  0.000996  0.000947  0.000914  0.000892  0.000875  0.000860  0.000846  0.000832  0.000817  0.000801  0.000783  0.000762  0.000738  0.000711  0.000684  0.000657  0.000631  0.000607  0.000584  0.000562  0.000539  0.000517  0.000494  0.000469  0.000444  
1.000014  0.837604  0.659763  0.485628  0.330898  0.205797  0.114381  0.055143  0.022568  0.009120  0.007126  0.010189  0.013916  0.015997  0.015811  0.013804  0.010861  0.007839  0.005311  0.003514  0.002414  0.001833  0.001563  0.001437  0.001353  0.001272  0.001189  0.001112  0.001050  0.001004  0.000971  0.000943  0.000916  0.000887  0.000858  0.000828  0.000799  0.000772  0.000747  0.000725  0.000704  0.000683  0.000663  0.000643  0.000622  0.000601  0.000579  0.000557  0.000535  0.000512  0.000490  0.000467  0.000444  
1.000009  0.839183  0.662420  0.488534  0.333171  0.206775  0.113807  0.053216  0.019838  0.006292  0.004847  0.008871  0.013664  0.016637  0.016992  0.015132  0.012014  0.008636  0.005720  0.003612  0.002333  0.001699  0.001464  0.001407  0.001386  0.001338  0.001255  0.001158  0.001070  0.001004  0.000963  0.000941  0.000929  0.000918  0.000902  0.000882  0.000856  0.000826  0.000796  0.000766  0.000737  0.000710  0.000684  0.000659  0.000636  0.000613  0.000591  0.000569  0.000546  0.000524  0.000500  0.000476  0.000450  
1.000009  0.839043  0.662174  0.488243  0.332904  0.206589  0.113730  0.053236  0.019909  0.006349  0.004820  0.008712  0.013354  0.016191  0.016456  0.014564  0.011476  0.008174  0.005358  0.003353  0.002161  0.001588  0.001387  0.001343  0.001322  0.001269  0.001180  0.001080  0.000989  0.000923  0.000881  0.000857  0.000843  0.000831  0.000819  0.000804  0.000787  0.000769  0.000751  0.000732  0.000713  0.000694  0.000673  0.000651  0.000628  0.000603  0.000577  0.000549  0.000522  0.000494  0.000468  0.000443  0.000419  
1.000014  0.837187  0.658958  0.484539  0.329675  0.204597  0.113339  0.054348  0.022053  0.008865  0.007079  0.010279  0.014073  0.016166  0.015956  0.013909  0.010923  0.007866  0.005316  0.003508  0.002406  0.001829  0.001566  0.001444  0.001361  0.001276  0.001183  0.001094  0.001019  0.000963  0.000925  0.000899  0.000881  0.000866  0.000852  0.000836  0.000818  0.000798  0.000776  0.000753  0.000729  0.000704  0.000680  0.000656  0.000631  0.000606  0.000582  0.000557  0.000532  0.000508  0.000484  0.000461  0.000437  
1.000009  0.839381  0.662804  0.489060  0.333777  0.207397  0.114389  0.053715  0.020223  0.006545  0.004955  0.008835  0.013494  0.016358  0.016644  0.014762  0.011670  0.008354  0.005520  0.003494  0.002278  0.001681  0.001453  0.001383  0.001338  0.001268  0.001170  0.001068  0.000983  0.000922  0.000886  0.000864  0.000849  0.000834  0.000817  0.000799  0.000782  0.000765  0.000750  0.000735  0.000719  0.000702  0.000682  0.000661  0.000637  0.000611  0.000585  0.000557  0.000530  0.000503  0.000476  0.000451  0.000428  
1.000045  0.839051  0.662184  0.488293  0.333027  0.206802  0.114026  0.053589  0.020280  0.006699  0.005123  0.008957  0.013551  0.016362  0.016625  0.014751  0.011689  0.008407  0.005597  0.003577  0.002352  0.001737  0.001492  0.001412  0.001367  0.001305  0.001221  0.001133  0.001058  0.001006  0.000974  0.000954  0.000939  0.000922  0.000902  0.000879  0.000854  0.000828  0.000801  0.000776  0.000750  0.000725  0.000701  0.000677  0.000653  0.000629  0.000606  0.000582  0.000557  0.000533  0.000508  0.000483  0.000459  
1.000009  0.838525  0.661158  0.486845  0.331308  0.205008  0.112367  0.052242  0.019364  0.006248  0.005093  0.009239  0.013999  0.016831  0.017000  0.014964  0.011722  0.008286  0.005375  0.003315  0.002101  0.001533  0.001349  0.001326  0.001327  0.001291  0.001217  0.001126  0.001040  0.000973  0.000925  0.000893  0.000870  0.000851  0.000834  0.000819  0.000806  0.000794  0.000781  0.000766  0.000747  0.000724  0.000697  0.000667  0.000635  0.000604  0.000574  0.000547  0.000522  0.000498  0.000477  0.000456  0.000435  
1.000009  0.838697  0.661518  0.487381  0.331977  0.205744  0.113085  0.052859  0.019810  0.006487  0.005121  0.009089  0.013731  0.016514  0.016699  0.014728  0.011576  0.008232  0.005395  0.003382  0.002186  0.001611  0.001406  0.001355  0.001329  0.001272  0.001184  0.001086  0.001001  0.000938  0.000898  0.000873  0.000855  0.000839  0.000821  0.000802  0.000783  0.000764  0.000747  0.000730  0.000713  0.000696  0.000678  0.000658  0.000637  0.000614  0.000589  0.000564  0.000539  0.000514  0.000489  0.000465  0.000441  
1.000045  0.839735  0.663452  0.489918  0.334724  0.208304  0.115149  0.054262  0.020545  0.006677  0.004966  0.008803  0.013488  0.016419  0.016782  0.014957  0.011885  0.008551  0.005667  0.003579  0.002306  0.001669  0.001426  0.001362  0.001340  0.001296  0.001222  0.001136  0.001056  0.000995  0.000953  0.000926  0.000905  0.000887  0.000868  0.000847  0.000826  0.000805  0.000785  0.000765  0.000746  0.000726  0.000706  0.000684  0.000662  0.000640  0.000617  0.000593  0.000569  0.000545  0.000521  0.000497  0.000473  
1.000045  0.838936  0.661951  0.487959  0.332629  0.206386  0.113644  0.053283  0.020080  0.006613  0.005135  0.009037  0.013657  0.016451  0.016665  0.014724  0.011593  0.008256  0.005416  0.003395  0.002194  0.001621  0.001424  0.001388  0.001376  0.001331  0.001249  0.001150  0.001059  0.000989  0.000942  0.000915  0.000900  0.000889  0.000878  0.000864  0.000847  0.000825  0.000800  0.000773  0.000745  0.000718  0.000692  0.000669  0.000649  0.000630  0.000612  0.000593  0.000573  0.000551  0.000527  0.000501  0.000475  
1.000045  0.839794  0.663578  0.490116  0.334989  0.208626  0.115512  0.054642  0.020918  0.007017  0.005251  0.009017  0.013626  0.016485  0.016790  0.014929  0.011846  0.008523  0.005669  0.003620  0.002385  0.001779  0.001553  0.001492  0.001460  0.001398  0.001303  0.001196  0.001099  0.001026  0.000976  0.000944  0.000922  0.000902  0.000883  0.000862  0.000842  0.000822  0.000804  0.000787  0.000768  0.000749  0.000727  0.000703  0.000677  0.000651  0.000624  0.000599  0.000574  0.000551  0.000528  0.000506  0.000484  
1.000009  0.838695  0.661678  0.487882  0.332947  0.207194  0.114899  0.054809  0.021626  0.007924  0.006028  0.009440  0.013616  0.016101  0.016177  0.014258  0.011255  0.008090  0.005406  0.003491  0.002335  0.001757  0.001526  0.001448  0.001403  0.001338  0.001250  0.001155  0.001072  0.001008  0.000965  0.000937  0.000915  0.000895  0.000873  0.000847  0.000820  0.000792  0.000765  0.000739  0.000715  0.000692  0.000671  0.000651  0.000631  0.000610  0.000588  0.000565  0.000540  0.000515  0.000489  0.000463  0.000437  
1.000009  0.837393  0.659223  0.484661  0.329474  0.203980  0.112333  0.053092  0.020753  0.007727  0.006252  0.009820  0.013945  0.016267  0.016160  0.014107  0.011052  0.007911  0.005300  0.003471  0.002385  0.001844  0.001616  0.001516  0.001437  0.001341  0.001230  0.001125  0.001041  0.000981  0.000943  0.000917  0.000897  0.000876  0.000854  0.000832  0.000810  0.000790  0.000772  0.000756  0.000739  0.000721  0.000701  0.000678  0.000651  0.000623  0.000593  0.000564  0.000535  0.000508  0.000482  0.000458  0.000435  
1.000045  0.838509  0.661136  0.486874  0.331437  0.205258  0.112719  0.052645  0.019747  0.006545  0.005258  0.009262  0.013903  0.016663  0.016815  0.014811  0.011631  0.008265  0.005411  0.003386  0.002181  0.001601  0.001393  0.001346  0.001327  0.001281  0.001206  0.001122  0.001047  0.000991  0.000953  0.000928  0.000906  0.000886  0.000864  0.000841  0.000820  0.000801  0.000783  0.000765  0.000747  0.000728  0.000707  0.000685  0.000662  0.000638  0.000613  0.000589  0.000564  0.000539  0.000514  0.000489  0.000463  
1.000045  0.839251  0.662564  0.488796  0.333580  0.207330  0.114473  0.053923  0.020498  0.006819  0.005172  0.008965  0.013539  0.016340  0.016594  0.014709  0.011631  0.008332  0.005507  0.003480  0.002255  0.001648  0.001414  0.001346  0.001312  0.001257  0.001178  0.001093  0.001021  0.000972  0.000944  0.000930  0.000920  0.000908  0.000892  0.000870  0.000846  0.000820  0.000793  0.000767  0.000741  0.000715  0.000690  0.000664  0.000640  0.000617  0.000594  0.000572  0.000550  0.000528  0.000505  0.000481  0.000457  
1.000045  0.837779  0.659977  0.485742  0.330782  0.205376  0.113658  0.054199  0.021535  0.008139  0.006312  0.009605  0.013566  0.015840  0.015782  0.013836  0.010905  0.007868  0.005320  0.003510  0.002410  0.001839  0.001584  0.001470  0.001396  0.001317  0.001231  0.001147  0.001077  0.001022  0.000982  0.000950  0.000924  0.000899  0.000875  0.000851  0.000827  0.000804  0.000780  0.000757  0.000734  0.000711  0.000689  0.000666  0.000644  0.000621  0.000598  0.000574  0.000551  0.000528  0.000504  0.000481  0.000458  
1.000045  0.838102  0.660337  0.485768  0.330159  0.203960  0.111545  0.051702  0.019091  0.006179  0.005140  0.009322  0.014064  0.016854  0.016985  0.014932  0.011698  0.008288  0.005407  0.003373  0.002171  0.001598  0.001397  0.001350  0.001325  0.001269  0.001184  0.001093  0.001018  0.000971  0.000948  0.000941  0.000939  0.000933  0.000919  0.000898  0.000871  0.000840  0.000809  0.000780  0.000753  0.000729  0.000709  0.000689  0.000671  0.000652  0.000631  0.000608  0.000583  0.000556  0.000529  0.000502  0.000475  
1.000045  0.837402  0.659250  0.484762  0.329693  0.204337  0.112812  0.053645  0.021315  0.008234  0.006655  0.010100  0.014109  0.016341  0.016180  0.014104  0.011046  0.007910  0.005301  0.003468  0.002373  0.001822  0.001589  0.001491  0.001422  0.001340  0.001245  0.001152  0.001076  0.001020  0.000982  0.000955  0.000934  0.000913  0.000891  0.000869  0.000845  0.000821  0.000797  0.000773  0.000749  0.000724  0.000700  0.000676  0.000652  0.000628  0.000604  0.000580  0.000556  0.000532  0.000509  0.000486  0.000464  
1.000045  0.835880  0.656365  0.480946  0.325525  0.200396  0.109550  0.051306  0.019923  0.007635  0.006593  0.010301  0.014346  0.016473  0.016154  0.013937  0.010795  0.007641  0.005068  0.003301  0.002278  0.001789  0.001598  0.001520  0.001452  0.001360  0.001248  0.001140  0.001050  0.000988  0.000950  0.000928  0.000915  0.000904  0.000891  0.000876  0.000858  0.000836  0.000813  0.000787  0.000760  0.000733  0.000705  0.000677  0.000650  0.000624  0.000599  0.000575  0.000552  0.000529  0.000507  0.000484  0.000462  
1.000045  0.837548  0.659542  0.485175  0.330183  0.204849  0.113290  0.054044  0.021606  0.008407  0.006721  0.010080  0.014033  0.016238  0.016070  0.014000  0.010952  0.007824  0.005222  0.003394  0.002305  0.001763  0.001542  0.001458  0.001403  0.001331  0.001241  0.001147  0.001065  0.001000  0.000953  0.000920  0.000896  0.000876  0.000860  0.000844  0.000829  0.000813  0.000796  0.000776  0.000754  0.000731  0.000706  0.000682  0.000659  0.000636  0.000615  0.000593  0.000572  0.000549  0.000525  0.000499  0.000472  
1.000045  0.835904  0.656399  0.480971  0.325528  0.200372  0.109504  0.051252  0.019875  0.007602  0.006577  0.010293  0.014337  0.016452  0.016115  0.013879  0.010722  0.007557  0.004978  0.003208  0.002184  0.001695  0.001507  0.001438  0.001385  0.001310  0.001217  0.001124  0.001047  0.000989  0.000949  0.000923  0.000904  0.000888  0.000873  0.000857  0.000840  0.000820  0.000798  0.000773  0.000746  0.000718  0.000690  0.000664  0.000638  0.000614  0.000590  0.000567  0.000545  0.000523  0.000500  0.000478  0.000456  
1.000045  0.837680  0.659788  0.485491  0.330512  0.205134  0.113487  0.054128  0.021574  0.008277  0.006522  0.009848  0.013803  0.016039  0.015924  0.013917  0.010933  0.007859  0.005292  0.003479  0.002385  0.001821  0.001570  0.001457  0.001379  0.001295  0.001203  0.001117  0.001044  0.000989  0.000947  0.000914  0.000886  0.000862  0.000842  0.000827  0.000815  0.000804  0.000793  0.000780  0.000762  0.000741  0.000716  0.000690  0.000664  0.000638  0.000613  0.000590  0.000567  0.000545  0.000523  0.000500  0.000478  
1.000045  0.837825  0.660039  0.485778  0.330754  0.205263  0.113464  0.053952  0.021281  0.007922  0.006168  0.009549  0.013590  0.015921  0.015888  0.013939  0.010983  0.007913  0.005336  0.003504  0.002392  0.001815  0.001556  0.001439  0.001359  0.001273  0.001180  0.001092  0.001019  0.000966  0.000928  0.000901  0.000880  0.000860  0.000842  0.000824  0.000806  0.000788  0.000770  0.000751  0.000730  0.000708  0.000685  0.000662  0.000638  0.000614  0.000591  0.000568  0.000545  0.000522  0.000499  0.000476  0.000453  
1.000045  0.836047  0.656680  0.481358  0.325965  0.200796  0.109855  0.051490  0.019987  0.007608  0.006517  0.010220  0.014298  0.016478  0.016212  0.014035  0.010908  0.007743  0.005139  0.003331  0.002268  0.001748  0.001539  0.001459  0.001400  0.001321  0.001224  0.001126  0.001043  0.000982  0.000943  0.000918  0.000901  0.000886  0.000870  0.000850  0.000827  0.000801  0.000775  0.000750  0.000726  0.000704  0.000684  0.000665  0.000646  0.000628  0.000607  0.000586  0.000563  0.000539  0.000515  0.000490  0.000466  
1.000045  0.835721  0.656056  0.480519  0.325035  0.199902  0.109104  0.050944  0.019660  0.007463  0.006490  0.010236  0.014292  0.016409  0.016070  0.013833  0.010676  0.007514  0.004939  0.003174  0.002155  0.001670  0.001485  0.001417  0.001363  0.001288  0.001197  0.001107  0.001033  0.000980  0.000944  0.000920  0.000900  0.000882  0.000865  0.000848  0.000832  0.000816  0.000800  0.000783  0.000764  0.000743  0.000719  0.000694  0.000669  0.000644  0.000618  0.000593  0.000568  0.000543  0.000517  0.000491  0.000464  
1.000055  0.835557  0.655750  0.480137  0.324653  0.199584  0.108886  0.050829  0.019620  0.007459  0.006485  0.010207  0.014237  0.016343  0.016018  0.013816  0.010705  0.007587  0.005040  0.003281  0.002247  0.001732  0.001512  0.001414  0.001340  0.001258  0.001170  0.001090  0.001028  0.000985  0.000957  0.000936  0.000918  0.000901  0.000883  0.000866  0.000849  0.000833  0.000815  0.000794  0.000771  0.000745  0.000717  0.000689  0.000662  0.000637  0.000614  0.000592  0.000571  0.000550  0.000527  0.000503  0.000478  
1.000055  0.836423  0.657382  0.482281  0.326972  0.201750  0.110650  0.052065  0.020332  0.007746  0.006496  0.010092  0.014110  0.016264  0.015997  0.013836  0.010736  0.007606  0.005042  0.003274  0.002247  0.001755  0.001565  0.001493  0.001435  0.001353  0.001251  0.001149  0.001063  0.001001  0.000961  0.000936  0.000918  0.000902  0.000884  0.000863  0.000839  0.000813  0.000786  0.000760  0.000734  0.000710  0.000687  0.000664  0.000642  0.000620  0.000597  0.000573  0.000550  0.000528  0.000506  0.000486  0.000466  
1.000055  0.835696  0.655995  0.480429  0.324927  0.199791  0.109005  0.050871  0.019622  0.007466  0.006533  0.010314  0.014397  0.016529  0.016194  0.013952  0.010783  0.007605  0.005016  0.003240  0.002214  0.001728  0.001544  0.001478  0.001424  0.001346  0.001249  0.001150  0.001066  0.001004  0.000961  0.000932  0.000911  0.000893  0.000874  0.000856  0.000837  0.000817  0.000796  0.000775  0.000752  0.000729  0.000705  0.000681  0.000658  0.000635  0.000613  0.000592  0.000570  0.000547  0.000524  0.000499  0.000474  
1.000055  0.836157  0.656900  0.481683  0.326375  0.201254  0.110313  0.051895  0.020293  0.007781  0.006547  0.010120  0.014104  0.016240  0.015983  0.013857  0.010806  0.007718  0.005174  0.003398  0.002337  0.001796  0.001557  0.001449  0.001373  0.001292  0.001205  0.001123  0.001055  0.001004  0.000966  0.000935  0.000907  0.000881  0.000856  0.000833  0.000813  0.000794  0.000777  0.000759  0.000741  0.000722  0.000700  0.000677  0.000653  0.000629  0.000605  0.000582  0.000560  0.000539  0.000518  0.000496  0.000474  
1.000055  0.836172  0.656923  0.481705  0.326391  0.201266  0.110330  0.051930  0.020357  0.007876  0.006666  0.010245  0.014211  0.016306  0.015993  0.013810  0.010712  0.007600  0.005057  0.003302  0.002276  0.001772  0.001560  0.001466  0.001388  0.001293  0.001186  0.001085  0.001004  0.000947  0.000911  0.000890  0.000876  0.000865  0.000853  0.000841  0.000827  0.000812  0.000796  0.000778  0.000760  0.000740  0.000719  0.000697  0.000674  0.000649  0.000624  0.000598  0.000572  0.000546  0.000520  0.000494  0.000469  
1.000055  0.835615  0.655864  0.480301  0.324855  0.199815  0.109135  0.051089  0.019882  0.007711  0.006712  0.010394  0.014371  0.016417  0.016032  0.013779  0.010634  0.007498  0.004951  0.003207  0.002197  0.001711  0.001519  0.001445  0.001389  0.001315  0.001228  0.001141  0.001067  0.001011  0.000970  0.000939  0.000914  0.000892  0.000871  0.000852  0.000834  0.000815  0.000797  0.000778  0.000758  0.000737  0.000716  0.000694  0.000672  0.000649  0.000626  0.000603  0.000580  0.000557  0.000533  0.000509  0.000486  
1.000045  0.836375  0.657310  0.482205  0.326906  0.201697  0.110600  0.052000  0.020230  0.007598  0.006305  0.009880  0.013908  0.016108  0.015914  0.013832  0.010803  0.007718  0.005164  0.003374  0.002303  0.001759  0.001522  0.001418  0.001347  0.001268  0.001180  0.001095  0.001025  0.000973  0.000939  0.000916  0.000900  0.000887  0.000875  0.000863  0.000849  0.000833  0.000814  0.000792  0.000767  0.000740  0.000711  0.000683  0.000654  0.000626  0.000600  0.000574  0.000550  0.000526  0.000503  0.000480  0.000458  
1.000045  0.836020  0.656644  0.481339  0.325991  0.200884  0.110006  0.051686  0.020195  0.007784  0.006622  0.010227  0.014201  0.016289  0.015963  0.013762  0.010648  0.007520  0.004965  0.003205  0.002180  0.001686  0.001492  0.001419  0.001364  0.001289  0.001197  0.001103  0.001023  0.000962  0.000921  0.000894  0.000877  0.000865  0.000855  0.000843  0.000829  0.000812  0.000791  0.000767  0.000741  0.000715  0.000690  0.000666  0.000643  0.000619  0.000596  0.000571  0.000546  0.000520  0.000495  0.000470  0.000447  
1.000055  0.835693  0.656024  0.480528  0.325119  0.200070  0.109335  0.051195  0.019876  0.007600  0.006527  0.010181  0.014180  0.016286  0.015979  0.013800  0.010705  0.007588  0.005030  0.003253  0.002201  0.001677  0.001458  0.001371  0.001316  0.001254  0.001183  0.001114  0.001058  0.001015  0.000982  0.000955  0.000930  0.000904  0.000880  0.000857  0.000837  0.000820  0.000804  0.000788  0.000770  0.000750  0.000727  0.000702  0.000675  0.000647  0.000620  0.000595  0.000571  0.000548  0.000526  0.000503  0.000480  
1.000045  0.837396  0.659246  0.484765  0.329705  0.204349  0.112809  0.053608  0.021224  0.008080  0.006443  0.009844  0.013837  0.016081  0.015955  0.013926  0.010917  0.007818  0.005232  0.003406  0.002307  0.001747  0.001507  0.001409  0.001348  0.001279  0.001200  0.001121  0.001054  0.001001  0.000963  0.000933  0.000907  0.000885  0.000863  0.000843  0.000824  0.000806  0.000788  0.000769  0.000749  0.000729  0.000708  0.000687  0.000666  0.000645  0.000623  0.000600  0.000575  0.000550  0.000524  0.000498  0.000472  
1.000012  0.837412  0.659229  0.484622  0.329367  0.203808  0.112121  0.052882  0.020591  0.007649  0.006268  0.009919  0.014096  0.016428  0.016295  0.014191  0.011077  0.007883  0.005234  0.003384  0.002292  0.001753  0.001532  0.001439  0.001367  0.001277  0.001172  0.001071  0.000991  0.000937  0.000903  0.000883  0.000869  0.000855  0.000840  0.000825  0.000808  0.000791  0.000774  0.000755  0.000735  0.000712  0.000688  0.000661  0.000634  0.000607  0.000580  0.000555  0.000531  0.000508  0.000486  0.000464  0.000441  
1.000045  0.837428  0.659313  0.484866  0.329834  0.204495  0.112956  0.053739  0.021323  0.008134  0.006441  0.009784  0.013718  0.015909  0.015743  0.013692  0.010680  0.007601  0.005054  0.003283  0.002244  0.001742  0.001548  0.001478  0.001424  0.001346  0.001246  0.001144  0.001058  0.000996  0.000957  0.000935  0.000922  0.000911  0.000897  0.000878  0.000855  0.000829  0.000802  0.000774  0.000747  0.000722  0.000698  0.000676  0.000655  0.000633  0.000611  0.000589  0.000567  0.000544  0.000521  0.000499  0.000476  
1.000045  0.836066  0.656718  0.481415  0.326042  0.200893  0.109972  0.051625  0.020134  0.007751  0.006640  0.010304  0.014327  0.016445  0.016122  0.013900  0.010750  0.007584  0.004997  0.003217  0.002184  0.001688  0.001495  0.001421  0.001362  0.001283  0.001187  0.001096  0.001023  0.000976  0.000949  0.000935  0.000924  0.000911  0.000893  0.000869  0.000841  0.000810  0.000778  0.000747  0.000719  0.000692  0.000669  0.000648  0.000628  0.000610  0.000591  0.000571  0.000551  0.000529  0.000507  0.000484  0.000461  
1.000055  0.836119  0.656805  0.481511  0.326116  0.200910  0.109906  0.051463  0.019884  0.007444  0.006320  0.010022  0.014128  0.016357  0.016150  0.014025  0.010936  0.007786  0.005176  0.003343  0.002247  0.001694  0.001460  0.001367  0.001309  0.001242  0.001164  0.001086  0.001022  0.000975  0.000944  0.000924  0.000910  0.000897  0.000883  0.000868  0.000850  0.000830  0.000807  0.000782  0.000756  0.000730  0.000703  0.000676  0.000650  0.000624  0.000599  0.000574  0.000549  0.000525  0.000501  0.000479  0.000457  
1.000055  0.836758  0.658048  0.483214  0.328064  0.202869  0.111665  0.052872  0.020870  0.008005  0.006515  0.009943  0.013881  0.016042  0.015847  0.013791  0.010798  0.007750  0.005227  0.003457  0.002392  0.001843  0.001593  0.001473  0.001384  0.001292  0.001194  0.001105  0.001032  0.000978  0.000940  0.000912  0.000889  0.000868  0.000848  0.000829  0.000811  0.000794  0.000778  0.000761  0.000743  0.000724  0.000705  0.000684  0.000662  0.000638  0.000615  0.000591  0.000567  0.000544  0.000522  0.000500  0.000478  
1.000045  0.837317  0.659060  0.484454  0.329271  0.203824  0.112246  0.053075  0.020787  0.007787  0.006308  0.009852  0.013943  0.016229  0.016092  0.014016  0.010945  0.007795  0.005181  0.003353  0.002274  0.001744  0.001530  0.001446  0.001382  0.001298  0.001196  0.001095  0.001013  0.000955  0.000919  0.000899  0.000884  0.000871  0.000857  0.000840  0.000822  0.000803  0.000784  0.000765  0.000746  0.000727  0.000707  0.000686  0.000663  0.000638  0.000612  0.000584  0.000556  0.000529  0.000502  0.000476  0.000452  
1.000045  0.837619  0.659654  0.485282  0.330242  0.204834  0.113200  0.053903  0.021454  0.008287  0.006664  0.010101  0.014127  0.016384  0.016244  0.014176  0.011112  0.007960  0.005331  0.003475  0.002358  0.001788  0.001539  0.001428  0.001349  0.001260  0.001164  0.001074  0.001005  0.000959  0.000932  0.000916  0.000903  0.000888  0.000870  0.000848  0.000825  0.000801  0.000777  0.000754  0.000732  0.000709  0.000687  0.000664  0.000642  0.000620  0.000598  0.000577  0.000558  0.000538  0.000520  0.000500  0.000480  
1.000045  0.837215  0.658854  0.484164  0.328934  0.203487  0.111955  0.052868  0.020685  0.007786  0.006386  0.009972  0.014064  0.016316  0.016123  0.013986  0.010865  0.007684  0.005063  0.003249  0.002196  0.001698  0.001514  0.001453  0.001403  0.001325  0.001222  0.001116  0.001026  0.000960  0.000917  0.000891  0.000874  0.000861  0.000849  0.000836  0.000821  0.000804  0.000785  0.000764  0.000740  0.000715  0.000689  0.000663  0.000638  0.000615  0.000593  0.000573  0.000554  0.000535  0.000516  0.000495  0.000474  
1.000045  0.836262  0.657095  0.481921  0.326609  0.201448  0.110456  0.051998  0.020380  0.007875  0.006662  0.010251  0.014231  0.016334  0.016021  0.013827  0.010714  0.007586  0.005031  0.003271  0.002246  0.001748  0.001545  0.001459  0.001388  0.001298  0.001196  0.001098  0.001019  0.000965  0.000930  0.000907  0.000890  0.000874  0.000858  0.000841  0.000825  0.000810  0.000796  0.000782  0.000768  0.000751  0.000731  0.000708  0.000681  0.000652  0.000622  0.000592  0.000563  0.000536  0.000510  0.000485  0.000461  
1.000045  0.836111  0.656789  0.481481  0.326069  0.200852  0.109849  0.051425  0.019878  0.007476  0.006386  0.010106  0.014210  0.016417  0.016175  0.014015  0.010900  0.007741  0.005140  0.003333  0.002270  0.001750  0.001542  0.001462  0.001404  0.001325  0.001227  0.001127  0.001040  0.000974  0.000929  0.000899  0.000879  0.000862  0.000847  0.000830  0.000811  0.000790  0.000767  0.000743  0.000721  0.000699  0.000680  0.000661  0.000643  0.000625  0.000606  0.000584  0.000561  0.000537  0.000512  0.000487  0.000462  
1.000045  0.837608  0.659657  0.485324  0.330339  0.204978  0.113361  0.054032  0.021495  0.008197  0.006423  0.009721  0.013645  0.015857  0.015731  0.013727  0.010759  0.007712  0.005177  0.003396  0.002329  0.001788  0.001554  0.001450  0.001374  0.001288  0.001192  0.001100  0.001026  0.000972  0.000936  0.000913  0.000896  0.000882  0.000868  0.000853  0.000836  0.000817  0.000796  0.000773  0.000749  0.000724  0.000699  0.000675  0.000652  0.000630  0.000608  0.000587  0.000566  0.000544  0.000522  0.000500  0.000477  
1.000045  0.837650  0.659711  0.485355  0.330314  0.204887  0.113219  0.053875  0.021371  0.008150  0.006481  0.009883  0.013891  0.016148  0.016023  0.013983  0.010955  0.007841  0.005246  0.003420  0.002328  0.001778  0.001546  0.001449  0.001383  0.001304  0.001214  0.001126  0.001054  0.001001  0.000964  0.000939  0.000918  0.000899  0.000879  0.000859  0.000838  0.000818  0.000799  0.000779  0.000759  0.000739  0.000719  0.000698  0.000677  0.000655  0.000631  0.000607  0.000581  0.000554  0.000526  0.000498  0.000470  
1.000055  0.836074  0.656855  0.481806  0.326749  0.201868  0.111057  0.052597  0.020774  0.007917  0.006308  0.009574  0.013386  0.015504  0.015355  0.013404  0.010532  0.007584  0.005119  0.003368  0.002300  0.001746  0.001501  0.001400  0.001342  0.001280  0.001207  0.001132  0.001065  0.001012  0.000971  0.000940  0.000914  0.000890  0.000868  0.000847  0.000827  0.000809  0.000792  0.000775  0.000757  0.000737  0.000715  0.000691  0.000665  0.000639  0.000615  0.000592  0.000571  0.000551  0.000532  0.000512  0.000490  
1.000045  0.836297  0.657155  0.481989  0.326657  0.201451  0.110394  0.051865  0.020186  0.007649  0.006440  0.010073  0.014129  0.016322  0.016095  0.013966  0.010884  0.007751  0.005165  0.003358  0.002285  0.001752  0.001532  0.001448  0.001393  0.001327  0.001245  0.001161  0.001084  0.001021  0.000971  0.000930  0.000897  0.000868  0.000843  0.000822  0.000804  0.000787  0.000770  0.000752  0.000734  0.000716  0.000697  0.000677  0.000658  0.000638  0.000617  0.000595  0.000571  0.000546  0.000521  0.000495  0.000469  
1.000045  0.837789  0.659928  0.485556  0.330413  0.204828  0.112995  0.053527  0.020972  0.007778  0.006193  0.009706  0.013815  0.016139  0.016038  0.013986  0.010926  0.007776  0.005156  0.003321  0.002231  0.001691  0.001467  0.001377  0.001313  0.001237  0.001152  0.001074  0.001016  0.000981  0.000961  0.000949  0.000936  0.000917  0.000893  0.000866  0.000839  0.000814  0.000791  0.000770  0.000751  0.000731  0.000709  0.000686  0.000661  0.000635  0.000610  0.000586  0.000563  0.000541  0.000519  0.000497  0.000474  
1.000045  0.836093  0.656765  0.481464  0.326073  0.200885  0.109909  0.051500  0.019950  0.007523  0.006389  0.010056  0.014107  0.016272  0.016004  0.013835  0.010724  0.007579  0.004993  0.003200  0.002148  0.001638  0.001439  0.001372  0.001330  0.001271  0.001195  0.001114  0.001043  0.000988  0.000949  0.000921  0.000901  0.000884  0.000867  0.000850  0.000830  0.000807  0.000782  0.000755  0.000728  0.000703  0.000680  0.000660  0.000641  0.000623  0.000605  0.000585  0.000564  0.000541  0.000517  0.000492  0.000466  