0.003000  0.004100  0.005200  0.006300  0.007400  0.008500  0.009600  0.010700  0.011800  0.012900  0.014000  0.015100  0.016200  0.017300  0.018400  0.019500  0.020600  0.021700  0.022800  0.023900  0.025000  0.026100  0.027200  0.028300  0.029400  0.030500  0.031600  0.032700  0.033800  0.034900  0.036000  0.037100  0.038200  0.039300  0.040400  0.041500  0.042600  0.043700  0.044800  0.045900  0.047000  0.048100  0.049200  0.050300  0.051400  0.052500  0.053600  0.054700  0.055800  0.056900  0.058000  0.059100  0.060200  
1.000004  0.682636  0.400040  0.193569  0.073197  0.023217  0.015665  0.023963  0.031142  0.031160  0.025395  0.017820  0.011563  0.007728  0.005881  0.005061  0.004527  0.003969  0.003385  0.002874  0.002500  0.002262  0.002116  0.002008  0.001899  0.001768  0.001619  0.001470  0.001349  0.001273  0.001242  0.001237  0.001229  0.001197  0.001140  0.001072  0.001010  0.000962  0.000924  0.000886  0.000845  0.000802  0.000764  0.000731  0.000700  0.000664  0.000622  0.000576  0.000535  0.000503  0.000479  0.000460  0.000440  
1.000172  0.726850  0.468834  0.262566  0.123255  0.046354  0.015006  0.009165  0.012590  0.015855  0.015780  0.012973  0.009265  0.006103  0.004048  0.002987  0.002537  0.002353  0.002232  0.002103  0.001963  0.001831  0.001727  0.001661  0.001630  0.001621  0.001610  0.001575  0.001507  0.001413  0.001318  0.001246  0.001208  0.001195  0.001182  0.001149  0.001090  0.001016  0.000946  0.000892  0.000857  0.000834  0.000811  0.000782  0.000747  0.000710  0.000675  0.000643  0.000614  0.000587  0.000561  0.000537  0.000515  
1.000012  0.695221  0.418408  0.209850  0.081969  0.023351  0.009862  0.016625  0.025964  0.029676  0.026951  0.020597  0.013833  0.008650  0.005588  0.004253  0.003933  0.004002  0.004066  0.003962  0.003682  0.003306  0.002934  0.002640  0.002442  0.002310  0.002190  0.002045  0.001879  0.001724  0.001614  0.001555  0.001521  0.001474  0.001392  0.001280  0.001166  0.001074  0.001014  0.000975  0.000943  0.000905  0.000858  0.000807  0.000759  0.000716  0.000679  0.000644  0.000611  0.000580  0.000550  0.000523  0.000500  
1.000594  0.698724  0.423219  0.213873  0.083470  0.021585  0.005248  0.010445  0.019764  0.024667  0.023656  0.018843  0.013007  0.008057  0.004737  0.002979  0.002361  0.002414  0.002753  0.003096  0.003265  0.003187  0.002889  0.002477  0.002088  0.001820  0.001700  0.001678  0.001678  0.001642  0.001561  0.001457  0.001363  0.001295  0.001252  0.001221  0.001193  0.001166  0.001141  0.001120  0.001100  0.001082  0.001063  0.001045  0.001028  0.001011  0.000994  0.000975  0.000956  0.000936  0.000918  0.000901  0.000886  
1.000594  0.698548  0.422961  0.213633  0.083309  0.021517  0.005253  0.010491  0.019823  0.024716  0.023679  0.018828  0.012950  0.007966  0.004629  0.002877  0.002283  0.002368  0.002732  0.003083  0.003243  0.003143  0.002825  0.002406  0.002027  0.001779  0.001678  0.001668  0.001671  0.001635  0.001556  0.001458  0.001373  0.001311  0.001269  0.001236  0.001204  0.001174  0.001149  0.001127  0.001108  0.001088  0.001067  0.001046  0.001026  0.001008  0.000991  0.000974  0.000958  0.000941  0.000924  0.000907  0.000891  
1.000594  0.691312  0.414389  0.208989  0.084610  0.027191  0.011808  0.014784  0.020535  0.022466  0.020139  0.015650  0.011106  0.007632  0.005440  0.004258  0.003695  0.003429  0.003254  0.003066  0.002843  0.002611  0.002413  0.002273  0.002181  0.002098  0.001986  0.001841  0.001686  0.001558  0.001473  0.001424  0.001385  0.001340  0.001287  0.001235  0.001194  0.001166  0.001146  0.001128  0.001109  0.001087  0.001065  0.001044  0.001024  0.001006  0.000988  0.000971  0.000955  0.000939  0.000925  0.000910  0.000895  
1.000594  0.691640  0.414988  0.209726  0.085325  0.027752  0.012152  0.014929  0.020554  0.022442  0.020136  0.015695  0.011192  0.007736  0.005539  0.004333  0.003740  0.003444  0.003245  0.003043  0.002814  0.002583  0.002391  0.002259  0.002174  0.002094  0.001982  0.001835  0.001681  0.001555  0.001476  0.001431  0.001395  0.001352  0.001298  0.001245  0.001200  0.001167  0.001140  0.001118  0.001098  0.001081  0.001065  0.001050  0.001033  0.001015  0.000996  0.000978  0.000962  0.000946  0.000931  0.000916  0.000900  
1.000365  0.691628  0.414747  0.209025  0.084292  0.026746  0.011504  0.014742  0.020689  0.022648  0.020209  0.015562  0.010892  0.007357  0.005151  0.003971  0.003407  0.003133  0.002953  0.002770  0.002562  0.002347  0.002163  0.002031  0.001944  0.001868  0.001765  0.001625  0.001470  0.001338  0.001252  0.001205  0.001173  0.001133  0.001080  0.001025  0.000980  0.000951  0.000931  0.000913  0.000891  0.000867  0.000842  0.000820  0.000800  0.000781  0.000760  0.000739  0.000719  0.000701  0.000685  0.000671  0.000658  
1.000365  0.691854  0.415027  0.209200  0.084297  0.026638  0.011406  0.014763  0.020856  0.022903  0.020453  0.015715  0.010931  0.007311  0.005077  0.003918  0.003396  0.003162  0.002999  0.002812  0.002586  0.002355  0.002165  0.002036  0.001954  0.001874  0.001761  0.001608  0.001446  0.001314  0.001231  0.001187  0.001155  0.001115  0.001064  0.001012  0.000969  0.000939  0.000915  0.000893  0.000868  0.000843  0.000820  0.000799  0.000780  0.000762  0.000745  0.000730  0.000716  0.000703  0.000690  0.000676  0.000662  
1.000365  0.698935  0.424388  0.216595  0.088081  0.027810  0.012100  0.016516  0.023811  0.026161  0.022974  0.017016  0.011191  0.007035  0.004699  0.003609  0.003109  0.002782  0.002466  0.002151  0.001873  0.001659  0.001515  0.001429  0.001380  0.001344  0.001305  0.001251  0.001185  0.001119  0.001066  0.001032  0.001013  0.000997  0.000975  0.000944  0.000910  0.000879  0.000855  0.000836  0.000820  0.000804  0.000790  0.000777  0.000766  0.000756  0.000744  0.000729  0.000714  0.000699  0.000684  0.000669  0.000652  
1.000365  0.699284  0.424869  0.216990  0.088275  0.027820  0.012029  0.016476  0.023861  0.026292  0.023137  0.017157  0.011279  0.007072  0.004706  0.003612  0.003129  0.002829  0.002538  0.002239  0.001964  0.001741  0.001579  0.001474  0.001410  0.001366  0.001322  0.001267  0.001200  0.001131  0.001074  0.001037  0.001018  0.001004  0.000983  0.000952  0.000916  0.000884  0.000861  0.000844  0.000830  0.000815  0.000799  0.000783  0.000767  0.000751  0.000734  0.000716  0.000698  0.000683  0.000669  0.000657  0.000643  
1.000365  0.699069  0.424512  0.216593  0.087925  0.027563  0.011863  0.016365  0.023759  0.026168  0.022984  0.016990  0.011120  0.006937  0.004598  0.003523  0.003047  0.002747  0.002459  0.002172  0.001919  0.001723  0.001586  0.001494  0.001433  0.001386  0.001338  0.001281  0.001216  0.001151  0.001095  0.001056  0.001031  0.001013  0.000993  0.000967  0.000938  0.000911  0.000887  0.000868  0.000849  0.000831  0.000812  0.000794  0.000776  0.000758  0.000740  0.000722  0.000706  0.000690  0.000676  0.000661  0.000645  
1.000365  0.704004  0.431888  0.223599  0.092695  0.029714  0.012209  0.016144  0.023910  0.026999  0.024280  0.018344  0.012227  0.007711  0.005116  0.003912  0.003395  0.003079  0.002761  0.002423  0.002112  0.001868  0.001699  0.001593  0.001525  0.001473  0.001419  0.001356  0.001286  0.001218  0.001163  0.001125  0.001101  0.001079  0.001052  0.001017  0.000979  0.000944  0.000916  0.000894  0.000875  0.000857  0.000838  0.000821  0.000804  0.000788  0.000771  0.000753  0.000735  0.000718  0.000701  0.000685  0.000667  
1.000365  0.703345  0.430897  0.222644  0.092014  0.029356  0.012076  0.016096  0.023849  0.026898  0.024160  0.018233  0.012136  0.007628  0.005030  0.003821  0.003310  0.003016  0.002726  0.002414  0.002117  0.001876  0.001703  0.001593  0.001526  0.001476  0.001424  0.001355  0.001273  0.001191  0.001125  0.001085  0.001065  0.001054  0.001037  0.001008  0.000974  0.000941  0.000917  0.000900  0.000886  0.000870  0.000851  0.000830  0.000809  0.000789  0.000768  0.000746  0.000726  0.000708  0.000693  0.000680  0.000666  
1.000365  0.703993  0.431893  0.223630  0.092732  0.029717  0.012142  0.015998  0.023714  0.026802  0.024134  0.018274  0.012230  0.007758  0.005175  0.003956  0.003416  0.003079  0.002750  0.002413  0.002109  0.001875  0.001717  0.001617  0.001552  0.001497  0.001434  0.001357  0.001271  0.001189  0.001127  0.001090  0.001074  0.001065  0.001048  0.001018  0.000979  0.000941  0.000910  0.000888  0.000871  0.000855  0.000838  0.000820  0.000802  0.000784  0.000767  0.000749  0.000732  0.000716  0.000702  0.000688  0.000673  
1.000365  0.705788  0.434122  0.224994  0.092639  0.028452  0.010540  0.014896  0.023521  0.027401  0.025071  0.019071  0.012612  0.007709  0.004852  0.003562  0.003100  0.002904  0.002705  0.002452  0.002179  0.001936  0.001745  0.001611  0.001522  0.001460  0.001409  0.001353  0.001290  0.001222  0.001160  0.001111  0.001077  0.001053  0.001028  0.001000  0.000967  0.000936  0.000909  0.000887  0.000867  0.000846  0.000825  0.000805  0.000788  0.000773  0.000758  0.000741  0.000723  0.000704  0.000687  0.000671  0.000656  
1.000365  0.705782  0.434083  0.224904  0.092507  0.028314  0.010446  0.014891  0.023619  0.027578  0.025275  0.019245  0.012716  0.007736  0.004827  0.003526  0.003088  0.002932  0.002769  0.002533  0.002260  0.002004  0.001798  0.001652  0.001554  0.001487  0.001429  0.001366  0.001295  0.001222  0.001161  0.001120  0.001099  0.001087  0.001070  0.001040  0.001000  0.000959  0.000925  0.000902  0.000884  0.000867  0.000846  0.000822  0.000798  0.000777  0.000758  0.000741  0.000724  0.000708  0.000692  0.000677  0.000661  
1.000365  0.705593  0.433809  0.224663  0.092372  0.028291  0.010488  0.014926  0.023593  0.027474  0.025116  0.019076  0.012583  0.007669  0.004829  0.003576  0.003155  0.002987  0.002797  0.002534  0.002243  0.001981  0.001777  0.001635  0.001542  0.001477  0.001421  0.001361  0.001295  0.001228  0.001170  0.001126  0.001094  0.001068  0.001037  0.000998  0.000957  0.000920  0.000895  0.000879  0.000867  0.000852  0.000831  0.000808  0.000786  0.000768  0.000753  0.000739  0.000724  0.000709  0.000692  0.000676  0.000660  
1.000365  0.705801  0.434224  0.225215  0.092940  0.028750  0.010760  0.015016  0.023572  0.027439  0.025136  0.019167  0.012715  0.007793  0.004907  0.003598  0.003134  0.002949  0.002765  0.002519  0.002246  0.001993  0.001787  0.001637  0.001532  0.001457  0.001396  0.001336  0.001270  0.001201  0.001141  0.001096  0.001069  0.001052  0.001034  0.001010  0.000978  0.000944  0.000914  0.000890  0.000869  0.000849  0.000830  0.000811  0.000793  0.000776  0.000760  0.000742  0.000725  0.000708  0.000693  0.000677  0.000661  
1.000365  0.713056  0.445481  0.236457  0.101088  0.032632  0.011053  0.013424  0.021816  0.026564  0.025355  0.020121  0.013872  0.008751  0.005511  0.003888  0.003235  0.002982  0.002801  0.002583  0.002333  0.002090  0.001884  0.001728  0.001618  0.001541  0.001481  0.001421  0.001352  0.001274  0.001197  0.001134  0.001091  0.001064  0.001044  0.001019  0.000987  0.000951  0.000919  0.000895  0.000877  0.000862  0.000844  0.000825  0.000804  0.000784  0.000766  0.000749  0.000733  0.000717  0.000701  0.000686  0.000671  
1.000365  0.712994  0.445386  0.236382  0.101089  0.032739  0.011250  0.013649  0.021991  0.026633  0.025307  0.019992  0.013720  0.008629  0.005440  0.003862  0.003229  0.002972  0.002777  0.002547  0.002296  0.002064  0.001876  0.001735  0.001632  0.001552  0.001480  0.001408  0.001331  0.001253  0.001183  0.001132  0.001099  0.001081  0.001064  0.001040  0.001007  0.000969  0.000934  0.000905  0.000882  0.000860  0.000838  0.000815  0.000793  0.000774  0.000757  0.000742  0.000727  0.000711  0.000695  0.000679  0.000664  
1.000365  0.712373  0.444382  0.235318  0.100245  0.032261  0.011134  0.013780  0.022218  0.026830  0.025408  0.019989  0.013644  0.008521  0.005339  0.003789  0.003193  0.002968  0.002793  0.002565  0.002300  0.002041  0.001824  0.001662  0.001551  0.001481  0.001431  0.001385  0.001330  0.001263  0.001193  0.001132  0.001087  0.001059  0.001039  0.001016  0.000988  0.000956  0.000925  0.000899  0.000879  0.000862  0.000844  0.000825  0.000806  0.000787  0.000770  0.000753  0.000737  0.000721  0.000707  0.000692  0.000678  
1.000533  0.712879  0.445125  0.236140  0.100995  0.032843  0.011528  0.014029  0.022394  0.026998  0.025608  0.020232  0.013923  0.008822  0.005647  0.004091  0.003476  0.003220  0.003007  0.002745  0.002458  0.002194  0.001986  0.001842  0.001748  0.001686  0.001632  0.001574  0.001505  0.001431  0.001363  0.001311  0.001276  0.001250  0.001224  0.001191  0.001151  0.001111  0.001078  0.001054  0.001036  0.001020  0.001002  0.000984  0.000965  0.000948  0.000932  0.000917  0.000903  0.000888  0.000874  0.000858  0.000842  
1.000505  0.713239  0.445694  0.236693  0.101350  0.032925  0.011372  0.013746  0.022106  0.026795  0.025518  0.020228  0.013949  0.008826  0.005598  0.003992  0.003352  0.003106  0.002931  0.002716  0.002469  0.002228  0.002021  0.001862  0.001748  0.001667  0.001603  0.001543  0.001478  0.001406  0.001336  0.001276  0.001232  0.001201  0.001178  0.001153  0.001124  0.001093  0.001065  0.001040  0.001018  0.000998  0.000977  0.000956  0.000937  0.000921  0.000906  0.000892  0.000878  0.000863  0.000846  0.000829  0.000812  
1.000533  0.712735  0.444917  0.235962  0.100909  0.032855  0.011587  0.014069  0.022365  0.026895  0.025465  0.020096  0.013829  0.008775  0.005625  0.004063  0.003422  0.003140  0.002917  0.002666  0.002406  0.002173  0.001990  0.001856  0.001761  0.001688  0.001624  0.001557  0.001484  0.001407  0.001337  0.001285  0.001252  0.001233  0.001216  0.001191  0.001153  0.001109  0.001069  0.001038  0.001017  0.001003  0.000990  0.000976  0.000960  0.000945  0.000930  0.000915  0.000898  0.000881  0.000865  0.000850  0.000836  
1.000505  0.713113  0.445481  0.236453  0.101144  0.032793  0.011323  0.013759  0.022144  0.026818  0.025501  0.020167  0.013862  0.008738  0.005534  0.003962  0.003355  0.003127  0.002950  0.002720  0.002450  0.002187  0.001969  0.001811  0.001709  0.001647  0.001601  0.001553  0.001491  0.001417  0.001343  0.001283  0.001240  0.001210  0.001183  0.001150  0.001111  0.001073  0.001043  0.001024  0.001012  0.001000  0.000984  0.000963  0.000941  0.000921  0.000903  0.000886  0.000870  0.000853  0.000838  0.000823  0.000809  
1.000505  0.712996  0.445236  0.236118  0.100803  0.032543  0.011226  0.013815  0.022293  0.026978  0.025608  0.020202  0.013844  0.008706  0.005517  0.003968  0.003371  0.003138  0.002947  0.002706  0.002438  0.002190  0.001993  0.001852  0.001754  0.001680  0.001613  0.001540  0.001458  0.001375  0.001303  0.001251  0.001220  0.001204  0.001188  0.001163  0.001128  0.001090  0.001057  0.001032  0.001014  0.000997  0.000979  0.000959  0.000939  0.000922  0.000906  0.000890  0.000874  0.000856  0.000838  0.000821  0.000804  
1.000505  0.713123  0.445427  0.236301  0.100926  0.032595  0.011235  0.013825  0.022340  0.027071  0.025730  0.020319  0.013927  0.008741  0.005514  0.003948  0.003359  0.003148  0.002980  0.002753  0.002485  0.002225  0.002011  0.001852  0.001742  0.001665  0.001602  0.001539  0.001469  0.001395  0.001327  0.001273  0.001238  0.001215  0.001193  0.001164  0.001127  0.001088  0.001056  0.001033  0.001018  0.001005  0.000989  0.000970  0.000948  0.000928  0.000909  0.000890  0.000872  0.000855  0.000838  0.000823  0.000809  
1.000505  0.711396  0.442918  0.234027  0.099506  0.032070  0.011216  0.013823  0.022051  0.026476  0.025013  0.019700  0.013527  0.008550  0.005436  0.003882  0.003246  0.002983  0.002794  0.002581  0.002349  0.002129  0.001944  0.001801  0.001698  0.001623  0.001563  0.001507  0.001448  0.001385  0.001326  0.001276  0.001241  0.001216  0.001191  0.001162  0.001127  0.001093  0.001064  0.001043  0.001026  0.001008  0.000987  0.000964  0.000941  0.000920  0.000902  0.000885  0.000868  0.000851  0.000835  0.000819  0.000804  
1.000505  0.711684  0.443229  0.234147  0.099389  0.031844  0.011081  0.013916  0.022373  0.026907  0.025397  0.019931  0.013597  0.008527  0.005412  0.003923  0.003367  0.003159  0.002980  0.002738  0.002457  0.002188  0.001967  0.001805  0.001697  0.001625  0.001569  0.001514  0.001452  0.001384  0.001317  0.001261  0.001221  0.001193  0.001171  0.001148  0.001121  0.001092  0.001063  0.001037  0.001014  0.000992  0.000972  0.000953  0.000936  0.000920  0.000904  0.000888  0.000871  0.000854  0.000838  0.000822  0.000806  
1.000505  0.711493  0.442968  0.233930  0.099263  0.031776  0.010995  0.013751  0.022119  0.026610  0.025125  0.019736  0.013488  0.008477  0.005376  0.003864  0.003271  0.003034  0.002844  0.002612  0.002353  0.002111  0.001914  0.001771  0.001676  0.001613  0.001565  0.001516  0.001457  0.001389  0.001322  0.001266  0.001226  0.001201  0.001178  0.001152  0.001118  0.001083  0.001052  0.001030  0.001014  0.000999  0.000981  0.000960  0.000938  0.000918  0.000899  0.000881  0.000864  0.000848  0.000833  0.000818  0.000803  
1.000505  0.712456  0.444396  0.235260  0.100122  0.032097  0.010963  0.013645  0.022149  0.026839  0.025484  0.020105  0.013766  0.008625  0.005416  0.003844  0.003243  0.003030  0.002879  0.002681  0.002443  0.002204  0.001995  0.001832  0.001714  0.001632  0.001573  0.001519  0.001461  0.001394  0.001326  0.001266  0.001221  0.001191  0.001168  0.001144  0.001115  0.001084  0.001054  0.001028  0.001006  0.000985  0.000965  0.000945  0.000926  0.000909  0.000894  0.000880  0.000865  0.000849  0.000833  0.000818  0.000802  
1.000505  0.712646  0.444831  0.235921  0.100906  0.032844  0.011519  0.013920  0.022150  0.026654  0.025237  0.019902  0.013669  0.008640  0.005508  0.003966  0.003349  0.003090  0.002880  0.002626  0.002349  0.002094  0.001894  0.001758  0.001675  0.001626  0.001587  0.001539  0.001472  0.001392  0.001313  0.001250  0.001211  0.001191  0.001178  0.001159  0.001131  0.001097  0.001062  0.001033  0.001009  0.000988  0.000967  0.000946  0.000927  0.000910  0.000896  0.000882  0.000869  0.000855  0.000840  0.000825  0.000809  
1.000505  0.712229  0.444094  0.235055  0.100129  0.032329  0.011339  0.014034  0.022435  0.026963  0.025458  0.019988  0.013633  0.008534  0.005387  0.003870  0.003295  0.003077  0.002898  0.002663  0.002392  0.002133  0.001920  0.001764  0.001662  0.001598  0.001550  0.001501  0.001443  0.001375  0.001308  0.001253  0.001215  0.001190  0.001169  0.001145  0.001116  0.001085  0.001057  0.001034  0.001012  0.000989  0.000964  0.000940  0.000919  0.000903  0.000890  0.000877  0.000864  0.000849  0.000833  0.000817  0.000801  
1.000505  0.712243  0.444027  0.234835  0.099752  0.031862  0.010887  0.013693  0.022254  0.026931  0.025522  0.020081  0.013703  0.008555  0.005362  0.003814  0.003229  0.003020  0.002862  0.002654  0.002409  0.002168  0.001963  0.001803  0.001686  0.001602  0.001539  0.001484  0.001429  0.001371  0.001317  0.001270  0.001236  0.001211  0.001188  0.001162  0.001131  0.001098  0.001068  0.001040  0.001015  0.000991  0.000966  0.000943  0.000924  0.000910  0.000897  0.000885  0.000871  0.000855  0.000839  0.000823  0.000808  
1.000505  0.712369  0.444233  0.235051  0.099912  0.031929  0.010865  0.013622  0.022183  0.026898  0.025535  0.020120  0.013737  0.008559  0.005329  0.003760  0.003175  0.002982  0.002844  0.002646  0.002398  0.002145  0.001929  0.001769  0.001666  0.001605  0.001566  0.001527  0.001473  0.001404  0.001330  0.001266  0.001220  0.001192  0.001173  0.001150  0.001121  0.001086  0.001054  0.001028  0.001008  0.000992  0.000975  0.000956  0.000938  0.000920  0.000905  0.000890  0.000875  0.000859  0.000843  0.000826  0.000808  
1.000505  0.712472  0.444436  0.235321  0.100194  0.032165  0.011011  0.013661  0.022131  0.026791  0.025416  0.020025  0.013687  0.008557  0.005366  0.003817  0.003234  0.003032  0.002880  0.002672  0.002420  0.002168  0.001954  0.001792  0.001681  0.001609  0.001557  0.001508  0.001450  0.001384  0.001320  0.001269  0.001234  0.001210  0.001187  0.001156  0.001118  0.001080  0.001048  0.001026  0.001012  0.000998  0.000980  0.000959  0.000937  0.000916  0.000897  0.000879  0.000862  0.000846  0.000831  0.000817  0.000803  
1.000505  0.712067  0.443703  0.234444  0.099401  0.031641  0.010831  0.013767  0.022377  0.027021  0.025532  0.020019  0.013612  0.008484  0.005339  0.003839  0.003280  0.003068  0.002886  0.002647  0.002376  0.002122  0.001918  0.001770  0.001670  0.001602  0.001548  0.001494  0.001434  0.001367  0.001302  0.001249  0.001212  0.001189  0.001172  0.001153  0.001128  0.001100  0.001073  0.001049  0.001028  0.001006  0.000983  0.000959  0.000937  0.000918  0.000902  0.000888  0.000872  0.000856  0.000838  0.000820  0.000804  
1.000505  0.712203  0.443998  0.234852  0.099811  0.031923  0.010897  0.013616  0.022090  0.026713  0.025298  0.019895  0.013578  0.008492  0.005345  0.003822  0.003243  0.003025  0.002850  0.002623  0.002363  0.002117  0.001917  0.001772  0.001674  0.001607  0.001551  0.001493  0.001429  0.001360  0.001297  0.001247  0.001212  0.001188  0.001164  0.001136  0.001103  0.001068  0.001038  0.001015  0.000997  0.000981  0.000967  0.000952  0.000938  0.000925  0.000911  0.000895  0.000879  0.000862  0.000845  0.000829  0.000812  
1.000505  0.711966  0.443616  0.234457  0.099521  0.031810  0.010973  0.013839  0.022388  0.027012  0.025544  0.020064  0.013677  0.008546  0.005384  0.003865  0.003295  0.003079  0.002898  0.002656  0.002379  0.002115  0.001899  0.001741  0.001636  0.001568  0.001519  0.001472  0.001416  0.001352  0.001288  0.001235  0.001199  0.001177  0.001158  0.001133  0.001102  0.001067  0.001036  0.001012  0.000994  0.000979  0.000963  0.000946  0.000929  0.000914  0.000899  0.000884  0.000869  0.000853  0.000836  0.000821  0.000805  
1.000505  0.712406  0.444322  0.235185  0.100059  0.032045  0.010919  0.013609  0.022129  0.026840  0.025505  0.020129  0.013775  0.008606  0.005367  0.003779  0.003179  0.002981  0.002848  0.002663  0.002429  0.002187  0.001973  0.001806  0.001688  0.001609  0.001552  0.001500  0.001442  0.001376  0.001311  0.001257  0.001219  0.001195  0.001175  0.001149  0.001116  0.001077  0.001041  0.001012  0.000989  0.000969  0.000949  0.000929  0.000910  0.000895  0.000883  0.000872  0.000861  0.000849  0.000836  0.000821  0.000805  
1.000505  0.712323  0.444203  0.235101  0.100070  0.032175  0.011137  0.013842  0.022298  0.026900  0.025464  0.020041  0.013708  0.008605  0.005437  0.003887  0.003277  0.003033  0.002843  0.002611  0.002356  0.002117  0.001923  0.001781  0.001683  0.001615  0.001561  0.001506  0.001444  0.001376  0.001311  0.001259  0.001223  0.001199  0.001177  0.001150  0.001115  0.001079  0.001049  0.001027  0.001010  0.000995  0.000977  0.000955  0.000931  0.000909  0.000888  0.000870  0.000854  0.000840  0.000827  0.000816  0.000804  
1.000505  0.711983  0.443586  0.234319  0.099253  0.031434  0.010550  0.013445  0.022083  0.026821  0.025450  0.020025  0.013643  0.008482  0.005280  0.003741  0.003180  0.003002  0.002870  0.002671  0.002419  0.002161  0.001940  0.001774  0.001664  0.001597  0.001549  0.001502  0.001442  0.001372  0.001300  0.001240  0.001199  0.001173  0.001152  0.001127  0.001096  0.001064  0.001038  0.001020  0.001008  0.000996  0.000979  0.000958  0.000935  0.000915  0.000898  0.000884  0.000871  0.000857  0.000842  0.000826  0.000809  
1.000505  0.712722  0.444699  0.235398  0.100034  0.031874  0.010770  0.013613  0.022306  0.027110  0.025749  0.020268  0.013798  0.008560  0.005313  0.003755  0.003187  0.002999  0.002853  0.002642  0.002387  0.002138  0.001932  0.001782  0.001682  0.001615  0.001561  0.001503  0.001436  0.001361  0.001290  0.001234  0.001198  0.001177  0.001159  0.001137  0.001106  0.001072  0.001042  0.001018  0.001001  0.000986  0.000970  0.000953  0.000935  0.000919  0.000903  0.000887  0.000871  0.000853  0.000837  0.000821  0.000807  
1.000505  0.712189  0.443964  0.234806  0.099777  0.031934  0.010980  0.013783  0.022327  0.026988  0.025570  0.020128  0.013749  0.008596  0.005392  0.003832  0.003237  0.003022  0.002860  0.002647  0.002394  0.002146  0.001934  0.001773  0.001660  0.001584  0.001529  0.001479  0.001426  0.001365  0.001304  0.001249  0.001206  0.001174  0.001146  0.001118  0.001089  0.001060  0.001037  0.001020  0.001006  0.000991  0.000973  0.000953  0.000933  0.000915  0.000899  0.000883  0.000867  0.000850  0.000833  0.000817  0.000802  
1.000505  0.714965  0.448374  0.239354  0.103220  0.033688  0.011177  0.013024  0.021320  0.026248  0.025295  0.020244  0.014055  0.008902  0.005595  0.003921  0.003255  0.003021  0.002874  0.002683  0.002443  0.002193  0.001971  0.001798  0.001679  0.001602  0.001549  0.001499  0.001440  0.001369  0.001296  0.001236  0.001195  0.001173  0.001157  0.001138  0.001110  0.001076  0.001042  0.001016  0.000998  0.000983  0.000969  0.000952  0.000935  0.000918  0.000901  0.000885  0.000869  0.000852  0.000834  0.000817  0.000799  
1.000505  0.714776  0.448067  0.239031  0.102981  0.033592  0.011230  0.013184  0.021520  0.026425  0.025411  0.020296  0.014064  0.008897  0.005595  0.003928  0.003259  0.003007  0.002835  0.002624  0.002379  0.002142  0.001946  0.001802  0.001704  0.001635  0.001577  0.001515  0.001445  0.001370  0.001300  0.001247  0.001212  0.001189  0.001167  0.001140  0.001104  0.001068  0.001036  0.001013  0.000996  0.000982  0.000966  0.000949  0.000931  0.000915  0.000900  0.000885  0.000870  0.000854  0.000837  0.000821  0.000804  
1.000505  0.713209  0.445545  0.236377  0.100900  0.032447  0.010995  0.013564  0.022136  0.026975  0.025744  0.020402  0.014014  0.008779  0.005478  0.003849  0.003232  0.003030  0.002897  0.002707  0.002462  0.002202  0.001967  0.001779  0.001645  0.001558  0.001503  0.001462  0.001417  0.001364  0.001306  0.001255  0.001217  0.001191  0.001171  0.001146  0.001114  0.001077  0.001042  0.001013  0.000991  0.000973  0.000955  0.000938  0.000922  0.000907  0.000893  0.000877  0.000860  0.000842  0.000825  0.000809  0.000795  
1.000505  0.711896  0.443596  0.234579  0.099799  0.032166  0.011280  0.013987  0.022337  0.026804  0.025270  0.019820  0.013517  0.008474  0.005364  0.003855  0.003265  0.003025  0.002829  0.002591  0.002330  0.002089  0.001894  0.001752  0.001654  0.001586  0.001530  0.001475  0.001413  0.001348  0.001288  0.001240  0.001207  0.001185  0.001165  0.001140  0.001109  0.001078  0.001051  0.001031  0.001014  0.000997  0.000977  0.000955  0.000934  0.000915  0.000898  0.000883  0.000869  0.000855  0.000841  0.000826  0.000811  
1.000505  0.714957  0.448325  0.239253  0.103093  0.033585  0.011140  0.013065  0.021416  0.026355  0.025372  0.020275  0.014051  0.008886  0.005589  0.003933  0.003281  0.003049  0.002894  0.002691  0.002444  0.002193  0.001974  0.001804  0.001684  0.001601  0.001539  0.001485  0.001428  0.001368  0.001309  0.001261  0.001225  0.001199  0.001176  0.001149  0.001117  0.001082  0.001051  0.001027  0.001007  0.000990  0.000973  0.000956  0.000939  0.000922  0.000906  0.000889  0.000872  0.000854  0.000837  0.000821  0.000806  
1.000505  0.714776  0.447994  0.238846  0.102711  0.033322  0.011061  0.013182  0.021687  0.026705  0.025721  0.020563  0.014253  0.009008  0.005657  0.003975  0.003314  0.003081  0.002923  0.002716  0.002463  0.002207  0.001985  0.001815  0.001694  0.001611  0.001548  0.001488  0.001423  0.001351  0.001283  0.001229  0.001195  0.001177  0.001164  0.001144  0.001116  0.001081  0.001048  0.001020  0.000998  0.000978  0.000957  0.000936  0.000915  0.000898  0.000884  0.000872  0.000861  0.000848  0.000834  0.000819  0.000803  
1.000505  0.712404  0.444272  0.235075  0.099924  0.031950  0.010913  0.013694  0.022258  0.026946  0.025538  0.020085  0.013691  0.008533  0.005346  0.003820  0.003261  0.003069  0.002910  0.002682  0.002404  0.002131  0.001904  0.001738  0.001631  0.001567  0.001524  0.001486  0.001439  0.001382  0.001321  0.001264  0.001220  0.001189  0.001166  0.001143  0.001116  0.001087  0.001058  0.001034  0.001013  0.000993  0.000973  0.000952  0.000932  0.000913  0.000897  0.000881  0.000866  0.000850  0.000833  0.000817  0.000801  
1.000505  0.712598  0.444763  0.235841  0.100791  0.032656  0.011241  0.013575  0.021795  0.026350  0.025020  0.019764  0.013571  0.008537  0.005374  0.003804  0.003183  0.002950  0.002785  0.002578  0.002333  0.002088  0.001875  0.001712  0.001599  0.001528  0.001480  0.001437  0.001386  0.001325  0.001262  0.001207  0.001166  0.001139  0.001117  0.001095  0.001067  0.001038  0.001010  0.000988  0.000970  0.000954  0.000939  0.000924  0.000908  0.000893  0.000878  0.000863  0.000849  0.000836  0.000823  0.000810  0.000797  
1.000505  0.713059  0.445300  0.236092  0.100602  0.032140  0.010674  0.013235  0.021819  0.026695  0.025515  0.020223  0.013874  0.008663  0.005377  0.003761  0.003154  0.002963  0.002839  0.002659  0.002426  0.002184  0.001969  0.001800  0.001676  0.001586  0.001516  0.001452  0.001389  0.001327  0.001274  0.001234  0.001207  0.001185  0.001161  0.001130  0.001095  0.001062  0.001037  0.001019  0.001005  0.000988  0.000970  0.000950  0.000931  0.000913  0.000897  0.000881  0.000864  0.000849  0.000835  0.000823  0.000809  
1.000505  0.715415  0.449126  0.240185  0.103923  0.034129  0.011321  0.012916  0.021050  0.025909  0.024959  0.019959  0.013843  0.008764  0.005519  0.003885  0.003231  0.002987  0.002818  0.002607  0.002360  0.002118  0.001912  0.001758  0.001649  0.001573  0.001512  0.001453  0.001390  0.001323  0.001262  0.001212  0.001175  0.001147  0.001122  0.001094  0.001063  0.001034  0.001011  0.000992  0.000975  0.000957  0.000937  0.000918  0.000902  0.000891  0.000882  0.000872  0.000861  0.000846  0.000831  0.000814  0.000798  
1.000505  0.715775  0.449708  0.240811  0.104443  0.034470  0.011491  0.012976  0.021074  0.025954  0.025051  0.020090  0.013987  0.008890  0.005603  0.003917  0.003219  0.002948  0.002775  0.002579  0.002354  0.002130  0.001934  0.001776  0.001654  0.001562  0.001489  0.001425  0.001364  0.001307  0.001255  0.001214  0.001184  0.001161  0.001138  0.001112  0.001082  0.001052  0.001026  0.001005  0.000986  0.000969  0.000951  0.000934  0.000918  0.000903  0.000888  0.000872  0.000856  0.000839  0.000824  0.000809  0.000795  
1.000505  0.715809  0.449741  0.240804  0.104378  0.034356  0.011360  0.012870  0.021023  0.025964  0.025103  0.020154  0.014036  0.008913  0.005605  0.003912  0.003220  0.002958  0.002787  0.002581  0.002339  0.002099  0.001894  0.001738  0.001629  0.001556  0.001501  0.001451  0.001396  0.001337  0.001279  0.001231  0.001194  0.001166  0.001142  0.001114  0.001083  0.001051  0.001022  0.000999  0.000980  0.000963  0.000946  0.000930  0.000914  0.000898  0.000883  0.000867  0.000850  0.000833  0.000817  0.000802  0.000789  
1.000505  0.715234  0.448826  0.239860  0.103662  0.033991  0.011322  0.013038  0.021257  0.026164  0.025235  0.020233  0.014097  0.008980  0.005681  0.003982  0.003266  0.002973  0.002774  0.002554  0.002314  0.002086  0.001896  0.001754  0.001653  0.001579  0.001518  0.001457  0.001391  0.001321  0.001257  0.001204  0.001167  0.001141  0.001120  0.001097  0.001071  0.001044  0.001018  0.000996  0.000977  0.000958  0.000940  0.000923  0.000909  0.000898  0.000886  0.000874  0.000859  0.000843  0.000827  0.000811  0.000795  
1.000505  0.715232  0.448892  0.240025  0.103897  0.034218  0.011462  0.013053  0.021162  0.026012  0.025077  0.020097  0.013982  0.008872  0.005571  0.003877  0.003184  0.002929  0.002773  0.002585  0.002356  0.002120  0.001909  0.001743  0.001624  0.001543  0.001486  0.001435  0.001378  0.001315  0.001253  0.001199  0.001161  0.001136  0.001115  0.001093  0.001067  0.001039  0.001014  0.000993  0.000975  0.000958  0.000941  0.000925  0.000912  0.000901  0.000890  0.000878  0.000864  0.000848  0.000831  0.000815  0.000799  
1.000505  0.715549  0.449301  0.240317  0.103979  0.034140  0.011348  0.013015  0.021237  0.026161  0.025232  0.020209  0.014047  0.008920  0.005635  0.003972  0.003296  0.003033  0.002846  0.002623  0.002370  0.002129  0.001930  0.001782  0.001676  0.001597  0.001528  0.001460  0.001390  0.001320  0.001260  0.001215  0.001186  0.001167  0.001148  0.001125  0.001095  0.001064  0.001036  0.001013  0.000994  0.000976  0.000957  0.000938  0.000920  0.000904  0.000888  0.000872  0.000855  0.000838  0.000822  0.000806  0.000791  
1.000505  0.715034  0.448528  0.239580  0.103475  0.033907  0.011300  0.013014  0.021182  0.026022  0.025038  0.020011  0.013881  0.008797  0.005544  0.003898  0.003234  0.002983  0.002812  0.002603  0.002358  0.002114  0.001904  0.001744  0.001632  0.001554  0.001496  0.001443  0.001385  0.001322  0.001260  0.001209  0.001172  0.001148  0.001129  0.001107  0.001080  0.001050  0.001021  0.000998  0.000980  0.000965  0.000950  0.000934  0.000919  0.000903  0.000886  0.000869  0.000850  0.000832  0.000816  0.000801  0.000788  
1.000505  0.715008  0.448461  0.239467  0.103326  0.033750  0.011165  0.012930  0.021157  0.026043  0.025077  0.020039  0.013879  0.008761  0.005488  0.003842  0.003194  0.002966  0.002816  0.002618  0.002372  0.002121  0.001904  0.001740  0.001631  0.001563  0.001515  0.001468  0.001411  0.001344  0.001276  0.001219  0.001177  0.001148  0.001124  0.001097  0.001066  0.001036  0.001013  0.000997  0.000985  0.000973  0.000956  0.000936  0.000916  0.000898  0.000882  0.000868  0.000854  0.000840  0.000826  0.000812  0.000797  
1.000505  0.715099  0.448621  0.239658  0.103514  0.033909  0.011283  0.013005  0.021191  0.026043  0.025053  0.020005  0.013853  0.008755  0.005506  0.003875  0.003227  0.002985  0.002815  0.002600  0.002348  0.002102  0.001893  0.001737  0.001629  0.001556  0.001500  0.001447  0.001388  0.001324  0.001262  0.001211  0.001174  0.001148  0.001125  0.001099  0.001071  0.001044  0.001021  0.001003  0.000986  0.000969  0.000949  0.000929  0.000912  0.000899  0.000888  0.000877  0.000864  0.000849  0.000833  0.000816  0.000799  
1.000505  0.715057  0.448501  0.239449  0.103241  0.033632  0.011073  0.012914  0.021233  0.026187  0.025241  0.020172  0.013952  0.008770  0.005450  0.003782  0.003132  0.002917  0.002784  0.002603  0.002371  0.002130  0.001919  0.001757  0.001647  0.001577  0.001527  0.001476  0.001415  0.001342  0.001268  0.001205  0.001162  0.001137  0.001120  0.001102  0.001080  0.001053  0.001027  0.001003  0.000983  0.000964  0.000947  0.000931  0.000917  0.000905  0.000892  0.000878  0.000863  0.000847  0.000832  0.000818  0.000803  
1.000505  0.714745  0.448122  0.239227  0.103265  0.033833  0.011297  0.013025  0.021185  0.026029  0.025069  0.020069  0.013945  0.008838  0.005545  0.003861  0.003174  0.002922  0.002768  0.002583  0.002361  0.002134  0.001934  0.001776  0.001660  0.001576  0.001509  0.001447  0.001382  0.001316  0.001255  0.001208  0.001178  0.001157  0.001138  0.001113  0.001082  0.001050  0.001022  0.001001  0.000984  0.000968  0.000951  0.000933  0.000915  0.000900  0.000886  0.000872  0.000859  0.000845  0.000830  0.000816  0.000800  
1.000505  0.712723  0.444883  0.235839  0.100624  0.032366  0.010919  0.013308  0.021628  0.026277  0.025003  0.019764  0.013564  0.008519  0.005351  0.003781  0.003160  0.002924  0.002756  0.002549  0.002309  0.002073  0.001872  0.001716  0.001604  0.001526  0.001468  0.001415  0.001360  0.001299  0.001239  0.001190  0.001155  0.001133  0.001116  0.001098  0.001073  0.001046  0.001020  0.000998  0.000980  0.000964  0.000948  0.000931  0.000914  0.000896  0.000880  0.000864  0.000848  0.000833  0.000819  0.000805  0.000791  
1.000505  0.715627  0.449371  0.240299  0.103838  0.033898  0.011073  0.012777  0.021080  0.026086  0.025206  0.020189  0.014001  0.008841  0.005538  0.003880  0.003232  0.003008  0.002858  0.002658  0.002410  0.002157  0.001936  0.001765  0.001645  0.001564  0.001505  0.001453  0.001398  0.001338  0.001278  0.001226  0.001185  0.001155  0.001129  0.001104  0.001079  0.001055  0.001034  0.001015  0.000996  0.000976  0.000954  0.000933  0.000916  0.000902  0.000890  0.000877  0.000862  0.000846  0.000829  0.000812  0.000796  
1.000505  0.715510  0.449297  0.240389  0.104106  0.034252  0.011374  0.012927  0.021066  0.025971  0.025082  0.020122  0.014005  0.008884  0.005574  0.003875  0.003180  0.002922  0.002763  0.002574  0.002349  0.002121  0.001921  0.001763  0.001649  0.001568  0.001508  0.001454  0.001397  0.001335  0.001274  0.001221  0.001180  0.001149  0.001123  0.001094  0.001063  0.001033  0.001008  0.000990  0.000974  0.000959  0.000943  0.000925  0.000909  0.000894  0.000880  0.000866  0.000851  0.000836  0.000820  0.000804  0.000790  
1.000505  0.712332  0.444261  0.235195  0.100130  0.032110  0.010893  0.013439  0.021821  0.026453  0.025118  0.019814  0.013570  0.008513  0.005360  0.003815  0.003215  0.002986  0.002809  0.002584  0.002325  0.002075  0.001869  0.001716  0.001611  0.001538  0.001481  0.001423  0.001359  0.001292  0.001231  0.001186  0.001158  0.001141  0.001126  0.001106  0.001080  0.001053  0.001030  0.001011  0.000994  0.000977  0.000958  0.000939  0.000922  0.000907  0.000892  0.000878  0.000862  0.000845  0.000827  0.000810  0.000793  
1.000505  0.715160  0.448711  0.239733  0.103532  0.033849  0.011155  0.012844  0.021044  0.025949  0.025027  0.020035  0.013905  0.008794  0.005509  0.003841  0.003176  0.002943  0.002802  0.002623  0.002399  0.002163  0.001950  0.001777  0.001650  0.001560  0.001494  0.001437  0.001378  0.001315  0.001254  0.001203  0.001166  0.001140  0.001118  0.001094  0.001067  0.001039  0.001013  0.000991  0.000973  0.000956  0.000941  0.000928  0.000917  0.000906  0.000895  0.000882  0.000865  0.000846  0.000827  0.000809  0.000792  
1.000505  0.715034  0.448528  0.239580  0.103475  0.033907  0.011300  0.013014  0.021182  0.026022  0.025038  0.020011  0.013881  0.008797  0.005544  0.003898  0.003234  0.002983  0.002812  0.002603  0.002358  0.002114  0.001904  0.001744  0.001632  0.001554  0.001496  0.001443  0.001385  0.001322  0.001260  0.001209  0.001172  0.001148  0.001129  0.001107  0.001080  0.001050  0.001021  0.000998  0.000980  0.000965  0.000950  0.000934  0.000919  0.000903  0.000886  0.000869  0.000850  0.000832  0.000816  0.000801  0.000788  
1.000505  0.715183  0.448686  0.239617  0.103343  0.033656  0.011040  0.012856  0.021178  0.026152  0.025231  0.020187  0.013985  0.008813  0.005493  0.003817  0.003157  0.002934  0.002802  0.002627  0.002403  0.002164  0.001942  0.001759  0.001620  0.001522  0.001452  0.001399  0.001349  0.001298  0.001247  0.001203  0.001167  0.001139  0.001115  0.001089  0.001062  0.001036  0.001014  0.000997  0.000982  0.000964  0.000945  0.000924  0.000905  0.000890  0.000877  0.000865  0.000852  0.000839  0.000824  0.000809  0.000793  
1.000505  0.714839  0.448178  0.239159  0.103086  0.033637  0.011189  0.013053  0.021314  0.026176  0.025155  0.020060  0.013864  0.008731  0.005454  0.003802  0.003142  0.002898  0.002735  0.002536  0.002300  0.002068  0.001872  0.001724  0.001621  0.001549  0.001492  0.001434  0.001368  0.001298  0.001232  0.001180  0.001146  0.001127  0.001114  0.001098  0.001076  0.001048  0.001019  0.000994  0.000974  0.000958  0.000944  0.000931  0.000919  0.000906  0.000892  0.000875  0.000856  0.000838  0.000822  0.000807  0.000793  
1.000505  0.715581  0.449387  0.240445  0.104104  0.034199  0.011300  0.012860  0.021016  0.025929  0.025030  0.020050  0.013918  0.008800  0.005516  0.003858  0.003201  0.002967  0.002810  0.002605  0.002354  0.002101  0.001882  0.001718  0.001606  0.001534  0.001485  0.001440  0.001387  0.001325  0.001258  0.001199  0.001155  0.001125  0.001103  0.001083  0.001059  0.001034  0.001010  0.000990  0.000974  0.000961  0.000947  0.000932  0.000916  0.000901  0.000886  0.000871  0.000857  0.000842  0.000828  0.000813  0.000798  
1.000505  0.715018  0.448464  0.239443  0.103265  0.033658  0.011064  0.012844  0.021101  0.026015  0.025062  0.020017  0.013842  0.008712  0.005438  0.003802  0.003170  0.002956  0.002815  0.002624  0.002383  0.002135  0.001917  0.001747  0.001626  0.001546  0.001491  0.001445  0.001395  0.001338  0.001278  0.001222  0.001177  0.001142  0.001113  0.001086  0.001057  0.001029  0.001005  0.000985  0.000969  0.000953  0.000937  0.000920  0.000903  0.000887  0.000873  0.000861  0.000848  0.000837  0.000825  0.000811  0.000797  
1.000505  0.715000  0.448542  0.239693  0.103677  0.034141  0.011497  0.013141  0.021243  0.026048  0.025059  0.020039  0.013915  0.008827  0.005568  0.003917  0.003250  0.002996  0.002819  0.002601  0.002346  0.002098  0.001889  0.001735  0.001630  0.001561  0.001509  0.001457  0.001398  0.001334  0.001274  0.001226  0.001192  0.001168  0.001144  0.001115  0.001081  0.001048  0.001022  0.001002  0.000986  0.000968  0.000949  0.000928  0.000910  0.000894  0.000880  0.000867  0.000854  0.000839  0.000825  0.000810  0.000796  
1.000505  0.715483  0.449244  0.240313  0.104011  0.034145  0.011269  0.012837  0.020997  0.025924  0.025048  0.020092  0.013975  0.008860  0.005565  0.003893  0.003227  0.002995  0.002851  0.002664  0.002427  0.002179  0.001956  0.001777  0.001649  0.001562  0.001500  0.001447  0.001390  0.001328  0.001265  0.001213  0.001174  0.001148  0.001125  0.001101  0.001073  0.001044  0.001020  0.000999  0.000981  0.000964  0.000946  0.000929  0.000914  0.000901  0.000888  0.000873  0.000856  0.000838  0.000821  0.000805  0.000791  
1.000505  0.715098  0.448657  0.239740  0.103606  0.033955  0.011242  0.012876  0.021016  0.025880  0.024945  0.019961  0.013851  0.008765  0.005503  0.003855  0.003198  0.002959  0.002798  0.002591  0.002341  0.002092  0.001882  0.001728  0.001627  0.001563  0.001515  0.001465  0.001403  0.001332  0.001262  0.001207  0.001171  0.001148  0.001127  0.001101  0.001069  0.001036  0.001009  0.000991  0.000979  0.000967  0.000954  0.000937  0.000919  0.000902  0.000886  0.000871  0.000855  0.000841  0.000826  0.000811  0.000797  
1.000505  0.715389  0.449033  0.240007  0.103678  0.033876  0.011135  0.012856  0.021132  0.026102  0.025196  0.020166  0.013970  0.008796  0.005474  0.003800  0.003147  0.002930  0.002797  0.002616  0.002383  0.002141  0.001928  0.001764  0.001650  0.001575  0.001519  0.001464  0.001401  0.001331  0.001264  0.001210  0.001175  0.001152  0.001135  0.001113  0.001086  0.001056  0.001029  0.001005  0.000985  0.000966  0.000947  0.000928  0.000911  0.000896  0.000883  0.000869  0.000854  0.000839  0.000825  0.000811  0.000797  
1.000505  0.715305  0.448918  0.239937  0.103721  0.034057  0.011420  0.013168  0.021380  0.026227  0.025191  0.020077  0.013863  0.008729  0.005474  0.003855  0.003223  0.002990  0.002818  0.002595  0.002335  0.002086  0.001883  0.001736  0.001637  0.001568  0.001513  0.001457  0.001396  0.001332  0.001270  0.001219  0.001180  0.001149  0.001122  0.001092  0.001061  0.001031  0.001006  0.000988  0.000973  0.000958  0.000941  0.000922  0.000905  0.000891  0.000879  0.000868  0.000857  0.000844  0.000830  0.000814  0.000797  
1.000505  0.715241  0.448825  0.239826  0.103576  0.033850  0.011143  0.012855  0.021098  0.026038  0.025127  0.020116  0.013951  0.008806  0.005499  0.003823  0.003153  0.002912  0.002756  0.002562  0.002327  0.002090  0.001887  0.001731  0.001622  0.001549  0.001496  0.001446  0.001392  0.001330  0.001267  0.001213  0.001173  0.001144  0.001119  0.001092  0.001062  0.001033  0.001010  0.000993  0.000979  0.000964  0.000946  0.000926  0.000908  0.000893  0.000881  0.000870  0.000859  0.000845  0.000829  0.000812  0.000795  
1.000505  0.715191  0.448711  0.239657  0.103381  0.033677  0.011038  0.012845  0.021182  0.026191  0.025308  0.020291  0.014098  0.008920  0.005588  0.003897  0.003221  0.002975  0.002812  0.002604  0.002355  0.002109  0.001902  0.001749  0.001644  0.001570  0.001508  0.001444  0.001374  0.001303  0.001240  0.001193  0.001164  0.001145  0.001126  0.001101  0.001068  0.001034  0.001004  0.000981  0.000964  0.000949  0.000935  0.000922  0.000909  0.000897  0.000884  0.000869  0.000854  0.000838  0.000823  0.000809  0.000795  
1.000505  0.715590  0.449362  0.240366  0.103987  0.034086  0.011230  0.012844  0.021036  0.025957  0.025044  0.020050  0.013921  0.008823  0.005564  0.003921  0.003263  0.003011  0.002832  0.002607  0.002346  0.002093  0.001882  0.001726  0.001621  0.001550  0.001495  0.001441  0.001380  0.001314  0.001251  0.001200  0.001164  0.001140  0.001120  0.001095  0.001066  0.001035  0.001009  0.000989  0.000974  0.000960  0.000945  0.000928  0.000911  0.000896  0.000881  0.000867  0.000852  0.000836  0.000821  0.000806  0.000791  
1.000505  0.715239  0.448830  0.239862  0.103668  0.034010  0.011360  0.013096  0.021323  0.026225  0.025276  0.020246  0.014081  0.008943  0.005635  0.003940  0.003239  0.002967  0.002788  0.002581  0.002344  0.002108  0.001903  0.001743  0.001625  0.001542  0.001480  0.001426  0.001371  0.001315  0.001261  0.001217  0.001184  0.001160  0.001138  0.001112  0.001082  0.001050  0.001021  0.000999  0.000981  0.000965  0.000950  0.000934  0.000919  0.000904  0.000889  0.000874  0.000857  0.000840  0.000824  0.000810  0.000795  
1.000505  0.715192  0.448725  0.239692  0.103437  0.033740  0.011089  0.012863  0.021148  0.026094  0.025150  0.020084  0.013867  0.008693  0.005392  0.003749  0.003125  0.002925  0.002793  0.002603  0.002357  0.002106  0.001890  0.001729  0.001622  0.001554  0.001505  0.001456  0.001399  0.001333  0.001266  0.001210  0.001169  0.001141  0.001118  0.001094  0.001067  0.001039  0.001014  0.000992  0.000972  0.000952  0.000933  0.000916  0.000901  0.000890  0.000880  0.000870  0.000857  0.000843  0.000827  0.000812  0.000796  
1.000505  0.715430  0.449143  0.240193  0.103914  0.034110  0.011304  0.012919  0.021084  0.025973  0.025041  0.020038  0.013900  0.008790  0.005517  0.003864  0.003208  0.002972  0.002814  0.002609  0.002358  0.002102  0.001878  0.001706  0.001588  0.001513  0.001465  0.001425  0.001381  0.001329  0.001274  0.001222  0.001179  0.001144  0.001114  0.001083  0.001053  0.001025  0.001002  0.000985  0.000970  0.000956  0.000941  0.000926  0.000912  0.000899  0.000887  0.000874  0.000860  0.000844  0.000828  0.000812  0.000795  
1.000505  0.715418  0.449174  0.240289  0.104048  0.034222  0.011348  0.012891  0.021020  0.025927  0.025044  0.020084  0.013957  0.008822  0.005506  0.003819  0.003153  0.002931  0.002801  0.002623  0.002387  0.002133  0.001902  0.001719  0.001594  0.001518  0.001473  0.001436  0.001390  0.001331  0.001264  0.001205  0.001162  0.001135  0.001116  0.001096  0.001071  0.001043  0.001017  0.000996  0.000979  0.000963  0.000948  0.000931  0.000915  0.000900  0.000885  0.000870  0.000855  0.000840  0.000826  0.000813  0.000799  
1.000505  0.715351  0.448997  0.240011  0.103743  0.033996  0.011285  0.013009  0.021273  0.026228  0.025318  0.020293  0.014104  0.008929  0.005593  0.003892  0.003204  0.002951  0.002787  0.002585  0.002342  0.002097  0.001886  0.001729  0.001623  0.001556  0.001510  0.001464  0.001410  0.001345  0.001281  0.001226  0.001186  0.001160  0.001138  0.001114  0.001084  0.001054  0.001027  0.001006  0.000989  0.000972  0.000953  0.000932  0.000912  0.000895  0.000880  0.000867  0.000854  0.000840  0.000826  0.000811  0.000796  
1.000505  0.715047  0.448535  0.239561  0.103421  0.033829  0.011225  0.012976  0.021201  0.026094  0.025138  0.020102  0.013934  0.008797  0.005500  0.003830  0.003162  0.002922  0.002766  0.002571  0.002336  0.002100  0.001897  0.001742  0.001633  0.001558  0.001501  0.001447  0.001388  0.001323  0.001258  0.001202  0.001162  0.001135  0.001114  0.001093  0.001068  0.001043  0.001019  0.001000  0.000983  0.000968  0.000952  0.000937  0.000922  0.000908  0.000894  0.000878  0.000862  0.000845  0.000830  0.000815  0.000800  
1.000505  0.715178  0.448715  0.239701  0.103465  0.033776  0.011112  0.012859  0.021122  0.026069  0.025155  0.020136  0.013960  0.008801  0.005482  0.003799  0.003135  0.002912  0.002780  0.002605  0.002380  0.002142  0.001929  0.001761  0.001643  0.001565  0.001510  0.001461  0.001407  0.001346  0.001285  0.001233  0.001196  0.001171  0.001149  0.001123  0.001091  0.001059  0.001029  0.001007  0.000989  0.000972  0.000954  0.000935  0.000916  0.000899  0.000885  0.000872  0.000858  0.000844  0.000828  0.000812  0.000795  
1.000505  0.715070  0.448526  0.239485  0.103285  0.033676  0.011101  0.012903  0.021167  0.026069  0.025093  0.020033  0.013857  0.008740  0.005480  0.003847  0.003202  0.002966  0.002801  0.002592  0.002346  0.002106  0.001904  0.001752  0.001646  0.001571  0.001512  0.001455  0.001395  0.001333  0.001275  0.001229  0.001195  0.001169  0.001143  0.001113  0.001079  0.001049  0.001025  0.001009  0.000996  0.000981  0.000961  0.000938  0.000916  0.000897  0.000883  0.000871  0.000860  0.000847  0.000833  0.000817  0.000800  
1.000505  0.715419  0.449131  0.240178  0.103882  0.034039  0.011190  0.012781  0.020961  0.025906  0.025050  0.020110  0.014000  0.008871  0.005545  0.003830  0.003124  0.002862  0.002706  0.002523  0.002302  0.002077  0.001878  0.001723  0.001613  0.001540  0.001489  0.001443  0.001393  0.001334  0.001274  0.001220  0.001179  0.001150  0.001127  0.001103  0.001075  0.001046  0.001019  0.000995  0.000976  0.000958  0.000941  0.000924  0.000909  0.000895  0.000882  0.000869  0.000855  0.000840  0.000825  0.000809  0.000792  
1.000505  0.714907  0.448316  0.239344  0.103273  0.033776  0.011249  0.013033  0.021245  0.026100  0.025107  0.020054  0.013892  0.008775  0.005497  0.003837  0.003171  0.002927  0.002769  0.002573  0.002338  0.002101  0.001896  0.001736  0.001622  0.001542  0.001482  0.001427  0.001369  0.001309  0.001253  0.001207  0.001174  0.001150  0.001129  0.001105  0.001077  0.001047  0.001020  0.001000  0.000983  0.000969  0.000955  0.000940  0.000925  0.000911  0.000898  0.000883  0.000867  0.000851  0.000833  0.000816  0.000799  
1.000505  0.714979  0.448440  0.239484  0.103384  0.033823  0.011212  0.012916  0.021069  0.025897  0.024908  0.019883  0.013763  0.008690  0.005451  0.003821  0.003172  0.002937  0.002781  0.002587  0.002355  0.002121  0.001918  0.001762  0.001651  0.001573  0.001512  0.001454  0.001390  0.001323  0.001261  0.001213  0.001182  0.001163  0.001146  0.001123  0.001094  0.001061  0.001030  0.001005  0.000984  0.000966  0.000949  0.000933  0.000917  0.000903  0.000888  0.000872  0.000856  0.000840  0.000825  0.000812  0.000798  
1.000505  0.715057  0.448591  0.239683  0.103603  0.034037  0.011412  0.013106  0.021260  0.026092  0.025099  0.020055  0.013902  0.008793  0.005527  0.003882  0.003231  0.002997  0.002842  0.002639  0.002391  0.002136  0.001913  0.001740  0.001619  0.001540  0.001484  0.001435  0.001380  0.001316  0.001253  0.001201  0.001167  0.001147  0.001133  0.001115  0.001090  0.001060  0.001032  0.001007  0.000986  0.000965  0.000944  0.000922  0.000903  0.000887  0.000874  0.000860  0.000846  0.000831  0.000816  0.000801  0.000787  
1.000505  0.715324  0.449001  0.240073  0.103837  0.034056  0.011247  0.012849  0.021018  0.025941  0.025059  0.020095  0.013965  0.008827  0.005504  0.003804  0.003121  0.002886  0.002750  0.002578  0.002358  0.002126  0.001915  0.001748  0.001629  0.001548  0.001491  0.001440  0.001385  0.001323  0.001263  0.001213  0.001178  0.001153  0.001133  0.001109  0.001079  0.001048  0.001020  0.000997  0.000979  0.000962  0.000946  0.000929  0.000912  0.000896  0.000879  0.000862  0.000846  0.000832  0.000819  0.000807  0.000794  
1.000505  0.715386  0.449056  0.240073  0.103786  0.034000  0.011239  0.012914  0.021140  0.026074  0.025161  0.020147  0.013978  0.008828  0.005519  0.003844  0.003181  0.002951  0.002807  0.002618  0.002382  0.002135  0.001916  0.001743  0.001620  0.001537  0.001480  0.001432  0.001380  0.001322  0.001262  0.001210  0.001172  0.001146  0.001126  0.001105  0.001080  0.001052  0.001027  0.001005  0.000985  0.000966  0.000945  0.000925  0.000907  0.000892  0.000881  0.000870  0.000859  0.000846  0.000830  0.000813  0.000795  
1.000505  0.715396  0.449033  0.239984  0.103626  0.033804  0.011067  0.012823  0.021157  0.026187  0.025325  0.020309  0.014096  0.008886  0.005526  0.003824  0.003158  0.002939  0.002809  0.002630  0.002395  0.002144  0.001918  0.001742  0.001620  0.001543  0.001491  0.001444  0.001390  0.001326  0.001260  0.001205  0.001166  0.001142  0.001124  0.001105  0.001081  0.001055  0.001031  0.001010  0.000991  0.000973  0.000954  0.000935  0.000917  0.000902  0.000887  0.000872  0.000858  0.000842  0.000827  0.000812  0.000796  
1.000505  0.715354  0.449000  0.240010  0.103734  0.033968  0.011224  0.012900  0.021109  0.026021  0.025095  0.020092  0.013953  0.008842  0.005560  0.003890  0.003209  0.002950  0.002779  0.002577  0.002343  0.002109  0.001905  0.001742  0.001621  0.001533  0.001468  0.001411  0.001356  0.001299  0.001246  0.001202  0.001169  0.001145  0.001124  0.001098  0.001069  0.001038  0.001012  0.000991  0.000974  0.000958  0.000940  0.000923  0.000906  0.000891  0.000878  0.000866  0.000853  0.000840  0.000827  0.000813  0.000799  
1.000505  0.715615  0.449413  0.240427  0.104028  0.034084  0.011185  0.012788  0.021014  0.025998  0.025146  0.020178  0.014026  0.008868  0.005540  0.003849  0.003177  0.002946  0.002805  0.002620  0.002384  0.002138  0.001919  0.001749  0.001631  0.001553  0.001495  0.001441  0.001378  0.001307  0.001240  0.001187  0.001153  0.001134  0.001120  0.001101  0.001076  0.001047  0.001019  0.000997  0.000978  0.000960  0.000943  0.000926  0.000911  0.000898  0.000886  0.000873  0.000859  0.000843  0.000827  0.000812  0.000797  