0.003000  0.004100  0.005200  0.006300  0.007400  0.008500  0.009600  0.010700  0.011800  0.012900  0.014000  0.015100  0.016200  0.017300  0.018400  0.019500  0.020600  0.021700  0.022800  0.023900  0.025000  0.026100  0.027200  0.028300  0.029400  0.030500  0.031600  0.032700  0.033800  0.034900  0.036000  0.037100  0.038200  0.039300  0.040400  0.041500  0.042600  0.043700  0.044800  0.045900  0.047000  0.048100  0.049200  0.050300  0.051400  0.052500  0.053600  0.054700  0.055800  0.056900  0.058000  0.059100  0.060200  
1.000385  0.747850  0.501302  0.294927  0.146672  0.057681  0.016718  0.006889  0.011879  0.019850  0.024568  0.024442  0.020635  0.015243  0.010089  0.006224  0.003924  0.002943  0.002804  0.003019  0.003226  0.003237  0.003021  0.002655  0.002256  0.001922  0.001696  0.001569  0.001498  0.001441  0.001374  0.001298  0.001224  0.001161  0.001112  0.001073  0.001039  0.001009  0.000983  0.000962  0.000943  0.000925  0.000905  0.000883  0.000861  0.000841  0.000823  0.000806  0.000789  0.000771  0.000753  0.000733  0.000715  
1.000008  0.744055  0.495940  0.290165  0.144043  0.057574  0.018454  0.009243  0.013706  0.020516  0.024052  0.023165  0.019172  0.014066  0.009436  0.006088  0.004128  0.003246  0.002989  0.002956  0.002891  0.002698  0.002395  0.002062  0.001773  0.001561  0.001417  0.001307  0.001201  0.001088  0.000981  0.000894  0.000834  0.000794  0.000758  0.000718  0.000672  0.000627  0.000590  0.000563  0.000543  0.000524  0.000503  0.000482  0.000461  0.000442  0.000426  0.000412  0.000398  0.000383  0.000368  0.000351  0.000335  
1.000172  0.770741  0.538852  0.335754  0.181098  0.080758  0.028650  0.011284  0.013155  0.021194  0.027178  0.027961  0.024122  0.018000  0.011977  0.007503  0.004916  0.003783  0.003407  0.003223  0.002949  0.002554  0.002129  0.001766  0.001503  0.001328  0.001207  0.001114  0.001036  0.000973  0.000926  0.000893  0.000868  0.000847  0.000826  0.000806  0.000786  0.000768  0.000750  0.000731  0.000711  0.000689  0.000667  0.000647  0.000628  0.000610  0.000593  0.000577  0.000560  0.000544  0.000527  0.000511  0.000493  
1.000172  0.770411  0.538330  0.335237  0.180761  0.080696  0.028852  0.011649  0.013545  0.021487  0.027308  0.027931  0.023989  0.017843  0.011861  0.007464  0.004952  0.003869  0.003510  0.003314  0.003016  0.002598  0.002158  0.001790  0.001527  0.001353  0.001229  0.001128  0.001040  0.000967  0.000913  0.000877  0.000852  0.000834  0.000817  0.000801  0.000785  0.000769  0.000751  0.000731  0.000708  0.000684  0.000660  0.000639  0.000620  0.000604  0.000589  0.000573  0.000558  0.000541  0.000523  0.000505  0.000488  
1.000172  0.770867  0.539114  0.336148  0.181594  0.081311  0.029200  0.011768  0.013520  0.021409  0.027241  0.027899  0.023985  0.017845  0.011853  0.007440  0.004917  0.003831  0.003474  0.003282  0.002983  0.002560  0.002113  0.001739  0.001474  0.001302  0.001185  0.001094  0.001019  0.000959  0.000918  0.000893  0.000875  0.000857  0.000836  0.000811  0.000787  0.000765  0.000746  0.000729  0.000713  0.000694  0.000674  0.000653  0.000632  0.000611  0.000591  0.000573  0.000556  0.000539  0.000524  0.000508  0.000491  
1.000172  0.770801  0.539015  0.336054  0.181535  0.081295  0.029215  0.011792  0.013536  0.021411  0.027237  0.027904  0.024010  0.017891  0.011909  0.007491  0.004951  0.003844  0.003474  0.003280  0.002993  0.002588  0.002157  0.001792  0.001527  0.001347  0.001218  0.001115  0.001028  0.000958  0.000906  0.000871  0.000845  0.000824  0.000803  0.000785  0.000770  0.000758  0.000746  0.000732  0.000715  0.000695  0.000674  0.000653  0.000633  0.000615  0.000598  0.000581  0.000563  0.000545  0.000526  0.000508  0.000490  
1.000172  0.770838  0.539080  0.336127  0.181594  0.081321  0.029198  0.011736  0.013454  0.021323  0.027164  0.027859  0.023998  0.017907  0.011945  0.007535  0.004995  0.003884  0.003510  0.003314  0.003026  0.002620  0.002189  0.001821  0.001553  0.001372  0.001244  0.001142  0.001057  0.000988  0.000937  0.000900  0.000872  0.000848  0.000825  0.000806  0.000789  0.000776  0.000762  0.000747  0.000728  0.000706  0.000683  0.000660  0.000639  0.000620  0.000601  0.000583  0.000564  0.000546  0.000528  0.000510  0.000494  
1.000172  0.779668  0.554358  0.353945  0.197912  0.093225  0.035579  0.013244  0.011874  0.018712  0.025112  0.027120  0.024525  0.019166  0.013302  0.008546  0.005509  0.003993  0.003411  0.003187  0.002966  0.002640  0.002254  0.001893  0.001613  0.001418  0.001286  0.001186  0.001103  0.001033  0.000975  0.000931  0.000897  0.000868  0.000842  0.000818  0.000798  0.000781  0.000766  0.000750  0.000732  0.000712  0.000689  0.000666  0.000645  0.000625  0.000607  0.000589  0.000570  0.000550  0.000529  0.000509  0.000489  
1.000172  0.778633  0.552441  0.351501  0.195397  0.091068  0.034080  0.012508  0.011814  0.019102  0.025679  0.027631  0.024844  0.019270  0.013253  0.008445  0.005445  0.004011  0.003511  0.003333  0.003116  0.002761  0.002332  0.001935  0.001630  0.001423  0.001284  0.001179  0.001089  0.001012  0.000953  0.000911  0.000882  0.000860  0.000839  0.000817  0.000796  0.000778  0.000765  0.000753  0.000740  0.000723  0.000702  0.000678  0.000653  0.000629  0.000607  0.000587  0.000568  0.000550  0.000531  0.000513  0.000495  
1.000172  0.779717  0.554316  0.353672  0.197338  0.092388  0.034624  0.012368  0.011255  0.018446  0.025183  0.027418  0.024893  0.019461  0.013441  0.008519  0.005370  0.003819  0.003271  0.003118  0.002968  0.002686  0.002311  0.001934  0.001625  0.001402  0.001250  0.001141  0.001057  0.000989  0.000937  0.000898  0.000871  0.000847  0.000825  0.000803  0.000782  0.000763  0.000747  0.000732  0.000717  0.000701  0.000683  0.000663  0.000644  0.000625  0.000606  0.000587  0.000569  0.000551  0.000532  0.000514  0.000497  
1.000172  0.779520  0.554018  0.353402  0.197211  0.092458  0.034871  0.012708  0.011582  0.018666  0.025252  0.027350  0.024745  0.019307  0.013343  0.008508  0.005439  0.003936  0.003394  0.003211  0.003013  0.002683  0.002271  0.001875  0.001563  0.001348  0.001209  0.001112  0.001038  0.000977  0.000930  0.000896  0.000872  0.000855  0.000841  0.000826  0.000812  0.000797  0.000780  0.000762  0.000741  0.000719  0.000696  0.000675  0.000654  0.000635  0.000617  0.000598  0.000578  0.000558  0.000538  0.000518  0.000500  
1.000172  0.779384  0.553725  0.352964  0.196680  0.091916  0.034410  0.012399  0.011451  0.018689  0.025363  0.027469  0.024807  0.019282  0.013237  0.008356  0.005287  0.003820  0.003332  0.003202  0.003043  0.002736  0.002332  0.001937  0.001622  0.001402  0.001255  0.001149  0.001064  0.000992  0.000935  0.000892  0.000861  0.000837  0.000816  0.000796  0.000777  0.000761  0.000748  0.000736  0.000723  0.000708  0.000689  0.000669  0.000648  0.000626  0.000605  0.000585  0.000566  0.000548  0.000530  0.000512  0.000495  
1.000172  0.780093  0.555018  0.354580  0.198294  0.093236  0.035246  0.012708  0.011326  0.018313  0.024940  0.027159  0.024692  0.019354  0.013427  0.008573  0.005451  0.003892  0.003314  0.003124  0.002944  0.002648  0.002271  0.001902  0.001604  0.001391  0.001244  0.001137  0.001052  0.000984  0.000933  0.000898  0.000874  0.000855  0.000837  0.000818  0.000798  0.000779  0.000762  0.000744  0.000726  0.000706  0.000685  0.000663  0.000642  0.000623  0.000604  0.000587  0.000570  0.000554  0.000536  0.000518  0.000499  
1.000172  0.779295  0.553629  0.352950  0.196798  0.092158  0.034702  0.012641  0.011553  0.018611  0.025130  0.027156  0.024510  0.019078  0.013160  0.008390  0.005380  0.003909  0.003370  0.003170  0.002953  0.002618  0.002222  0.001858  0.001584  0.001400  0.001277  0.001179  0.001090  0.001009  0.000941  0.000892  0.000859  0.000837  0.000820  0.000805  0.000791  0.000776  0.000761  0.000744  0.000725  0.000704  0.000683  0.000664  0.000648  0.000634  0.000620  0.000606  0.000589  0.000569  0.000546  0.000523  0.000500  
1.000172  0.779788  0.554547  0.354135  0.198050  0.093287  0.035578  0.013214  0.011853  0.018720  0.025148  0.027167  0.024562  0.019183  0.013302  0.008546  0.005530  0.004046  0.003494  0.003285  0.003058  0.002706  0.002285  0.001889  0.001583  0.001375  0.001240  0.001145  0.001070  0.001008  0.000959  0.000921  0.000891  0.000866  0.000841  0.000816  0.000794  0.000776  0.000761  0.000746  0.000730  0.000711  0.000688  0.000664  0.000641  0.000620  0.000601  0.000583  0.000566  0.000548  0.000531  0.000513  0.000495  
1.000172  0.780404  0.555501  0.355057  0.198634  0.093403  0.035306  0.012785  0.011535  0.018707  0.025490  0.027773  0.025254  0.019781  0.013690  0.008701  0.005508  0.003943  0.003401  0.003255  0.003100  0.002798  0.002391  0.001981  0.001646  0.001411  0.001258  0.001155  0.001079  0.001019  0.000970  0.000933  0.000905  0.000881  0.000858  0.000834  0.000811  0.000788  0.000766  0.000745  0.000724  0.000703  0.000681  0.000660  0.000640  0.000621  0.000604  0.000588  0.000572  0.000556  0.000539  0.000522  0.000505  
1.000172  0.780522  0.555727  0.355352  0.198931  0.093628  0.035396  0.012709  0.011305  0.018376  0.025138  0.027479  0.025073  0.019727  0.013738  0.008797  0.005596  0.003981  0.003373  0.003176  0.003001  0.002713  0.002344  0.001978  0.001676  0.001454  0.001295  0.001173  0.001074  0.000996  0.000940  0.000903  0.000879  0.000860  0.000840  0.000818  0.000795  0.000774  0.000755  0.000738  0.000721  0.000703  0.000684  0.000664  0.000645  0.000628  0.000612  0.000596  0.000579  0.000560  0.000540  0.000520  0.000501  
1.000172  0.779693  0.554350  0.353848  0.197700  0.092912  0.035218  0.012901  0.011606  0.018540  0.025024  0.027079  0.024490  0.019109  0.013216  0.008444  0.005415  0.003926  0.003381  0.003192  0.002996  0.002678  0.002285  0.001908  0.001607  0.001392  0.001243  0.001136  0.001054  0.000993  0.000950  0.000921  0.000897  0.000873  0.000844  0.000813  0.000784  0.000760  0.000742  0.000727  0.000713  0.000699  0.000682  0.000665  0.000647  0.000630  0.000612  0.000594  0.000576  0.000556  0.000537  0.000517  0.000499  
1.000172  0.780409  0.555490  0.355028  0.198612  0.093434  0.035433  0.013021  0.011848  0.019027  0.025738  0.027893  0.025240  0.019673  0.013554  0.008599  0.005472  0.003970  0.003460  0.003312  0.003133  0.002807  0.002388  0.001983  0.001662  0.001435  0.001280  0.001164  0.001071  0.000999  0.000950  0.000920  0.000901  0.000884  0.000861  0.000833  0.000803  0.000777  0.000757  0.000741  0.000727  0.000712  0.000695  0.000676  0.000656  0.000636  0.000617  0.000597  0.000577  0.000556  0.000535  0.000514  0.000494  
1.000172  0.779907  0.554640  0.354046  0.197683  0.092653  0.034795  0.012461  0.011299  0.018466  0.025195  0.027426  0.024900  0.019473  0.013463  0.008561  0.005431  0.003894  0.003349  0.003184  0.003013  0.002710  0.002318  0.001933  0.001624  0.001407  0.001261  0.001157  0.001075  0.001006  0.000952  0.000910  0.000877  0.000850  0.000825  0.000803  0.000783  0.000768  0.000756  0.000745  0.000731  0.000714  0.000693  0.000671  0.000649  0.000628  0.000610  0.000592  0.000575  0.000557  0.000538  0.000518  0.000499  
1.000172  0.779968  0.554873  0.354529  0.198410  0.093515  0.035616  0.013060  0.011563  0.018388  0.024870  0.027008  0.024535  0.019252  0.013403  0.008614  0.005526  0.003964  0.003361  0.003138  0.002933  0.002622  0.002241  0.001872  0.001575  0.001362  0.001215  0.001107  0.001024  0.000959  0.000911  0.000879  0.000856  0.000837  0.000819  0.000799  0.000780  0.000764  0.000750  0.000737  0.000724  0.000708  0.000690  0.000669  0.000648  0.000627  0.000609  0.000591  0.000574  0.000557  0.000539  0.000520  0.000501  
1.000138  0.781410  0.557314  0.357251  0.200726  0.094994  0.036178  0.012930  0.011121  0.017992  0.024735  0.027169  0.024890  0.019647  0.013714  0.008787  0.005574  0.003941  0.003321  0.003116  0.002935  0.002640  0.002262  0.001890  0.001591  0.001379  0.001234  0.001128  0.001042  0.000968  0.000909  0.000864  0.000833  0.000809  0.000789  0.000771  0.000756  0.000743  0.000733  0.000722  0.000707  0.000688  0.000665  0.000640  0.000614  0.000591  0.000572  0.000555  0.000539  0.000523  0.000507  0.000490  0.000472  
1.000163  0.779270  0.553557  0.352809  0.196586  0.091898  0.034445  0.012448  0.011474  0.018670  0.025313  0.027417  0.024784  0.019306  0.013306  0.008449  0.005376  0.003880  0.003353  0.003187  0.003005  0.002687  0.002285  0.001897  0.001590  0.001377  0.001237  0.001138  0.001060  0.000994  0.000939  0.000896  0.000861  0.000830  0.000803  0.000778  0.000758  0.000742  0.000731  0.000720  0.000709  0.000693  0.000675  0.000653  0.000631  0.000610  0.000590  0.000572  0.000556  0.000541  0.000526  0.000510  0.000493  
1.000138  0.779312  0.553716  0.353119  0.197044  0.092456  0.035017  0.012933  0.011792  0.018785  0.025245  0.027233  0.024572  0.019143  0.013233  0.008464  0.005442  0.003948  0.003379  0.003152  0.002914  0.002568  0.002167  0.001803  0.001529  0.001345  0.001221  0.001125  0.001042  0.000970  0.000914  0.000874  0.000847  0.000826  0.000806  0.000784  0.000762  0.000742  0.000725  0.000710  0.000695  0.000679  0.000661  0.000641  0.000620  0.000600  0.000580  0.000561  0.000542  0.000523  0.000505  0.000486  0.000468  
1.000138  0.779017  0.553157  0.352379  0.196235  0.091689  0.034381  0.012480  0.011533  0.018695  0.025276  0.027325  0.024668  0.019200  0.013231  0.008406  0.005347  0.003846  0.003301  0.003119  0.002933  0.002631  0.002256  0.001896  0.001607  0.001398  0.001245  0.001126  0.001027  0.000947  0.000889  0.000851  0.000827  0.000810  0.000794  0.000777  0.000760  0.000745  0.000731  0.000717  0.000702  0.000684  0.000664  0.000642  0.000621  0.000600  0.000580  0.000561  0.000542  0.000524  0.000506  0.000489  0.000472  
1.000111  0.780408  0.555573  0.355188  0.198793  0.093545  0.035384  0.012760  0.011393  0.018464  0.025188  0.027464  0.024987  0.019581  0.013558  0.008612  0.005426  0.003838  0.003260  0.003084  0.002923  0.002643  0.002277  0.001915  0.001619  0.001402  0.001245  0.001124  0.001023  0.000941  0.000881  0.000840  0.000814  0.000795  0.000776  0.000755  0.000733  0.000713  0.000697  0.000682  0.000667  0.000650  0.000630  0.000609  0.000587  0.000565  0.000545  0.000527  0.000509  0.000492  0.000474  0.000457  0.000439  
1.000172  0.781034  0.556622  0.356411  0.199925  0.094386  0.035846  0.012883  0.011303  0.018320  0.025122  0.027549  0.025225  0.019925  0.013937  0.008964  0.005716  0.004058  0.003419  0.003201  0.003013  0.002715  0.002337  0.001966  0.001666  0.001451  0.001303  0.001192  0.001100  0.001021  0.000956  0.000907  0.000870  0.000842  0.000817  0.000795  0.000775  0.000759  0.000747  0.000736  0.000725  0.000710  0.000692  0.000672  0.000651  0.000631  0.000611  0.000593  0.000576  0.000559  0.000541  0.000522  0.000503  
1.000111  0.780884  0.556464  0.356345  0.200022  0.094660  0.036242  0.013292  0.011605  0.018420  0.024986  0.027211  0.024772  0.019461  0.013552  0.008707  0.005587  0.004016  0.003410  0.003177  0.002947  0.002607  0.002203  0.001831  0.001548  0.001359  0.001234  0.001137  0.001050  0.000971  0.000907  0.000860  0.000829  0.000806  0.000786  0.000765  0.000742  0.000720  0.000700  0.000682  0.000665  0.000648  0.000630  0.000611  0.000591  0.000572  0.000554  0.000536  0.000518  0.000500  0.000481  0.000462  0.000443  
1.000111  0.780791  0.556241  0.355975  0.199528  0.094106  0.035722  0.012904  0.011415  0.018443  0.025178  0.027483  0.025023  0.019612  0.013569  0.008606  0.005425  0.003864  0.003326  0.003186  0.003038  0.002740  0.002331  0.001914  0.001568  0.001321  0.001160  0.001054  0.000980  0.000926  0.000886  0.000855  0.000831  0.000808  0.000784  0.000761  0.000740  0.000723  0.000711  0.000700  0.000689  0.000674  0.000653  0.000630  0.000604  0.000578  0.000554  0.000533  0.000514  0.000498  0.000483  0.000468  0.000453  
1.000111  0.780774  0.556222  0.355964  0.199523  0.094090  0.035672  0.012802  0.011264  0.018272  0.025035  0.027423  0.025083  0.019797  0.013849  0.008925  0.005718  0.004081  0.003444  0.003216  0.003013  0.002701  0.002314  0.001935  0.001625  0.001398  0.001236  0.001112  0.001011  0.000931  0.000870  0.000829  0.000802  0.000782  0.000763  0.000745  0.000727  0.000711  0.000697  0.000683  0.000668  0.000650  0.000629  0.000608  0.000588  0.000569  0.000551  0.000534  0.000516  0.000498  0.000480  0.000461  0.000443  
1.000138  0.779282  0.553689  0.353132  0.197117  0.092585  0.035173  0.013076  0.011885  0.018809  0.025203  0.027144  0.024462  0.019034  0.013139  0.008390  0.005386  0.003908  0.003357  0.003151  0.002938  0.002616  0.002235  0.001880  0.001604  0.001407  0.001264  0.001147  0.001044  0.000957  0.000891  0.000848  0.000823  0.000807  0.000794  0.000779  0.000762  0.000744  0.000725  0.000705  0.000683  0.000660  0.000637  0.000616  0.000596  0.000579  0.000563  0.000547  0.000532  0.000516  0.000501  0.000485  0.000469  
1.000111  0.779682  0.554354  0.353833  0.197654  0.092852  0.035188  0.012949  0.011761  0.018800  0.025352  0.027417  0.024782  0.019322  0.013346  0.008514  0.005458  0.003968  0.003434  0.003249  0.003040  0.002697  0.002279  0.001885  0.001584  0.001382  0.001251  0.001155  0.001071  0.000994  0.000928  0.000878  0.000842  0.000815  0.000792  0.000770  0.000747  0.000726  0.000706  0.000688  0.000670  0.000653  0.000636  0.000618  0.000600  0.000581  0.000562  0.000542  0.000522  0.000503  0.000484  0.000467  0.000450  
1.000138  0.779211  0.553516  0.352846  0.196743  0.092182  0.034819  0.012838  0.011799  0.018865  0.025354  0.027328  0.024624  0.019146  0.013204  0.008431  0.005429  0.003969  0.003435  0.003230  0.003000  0.002647  0.002234  0.001857  0.001573  0.001383  0.001255  0.001154  0.001064  0.000983  0.000917  0.000868  0.000835  0.000810  0.000787  0.000764  0.000743  0.000725  0.000711  0.000698  0.000685  0.000670  0.000653  0.000634  0.000614  0.000596  0.000577  0.000559  0.000540  0.000521  0.000501  0.000482  0.000464  
1.000111  0.780618  0.555982  0.355746  0.199425  0.094170  0.035925  0.013165  0.011640  0.018559  0.025164  0.027372  0.024882  0.019511  0.013554  0.008685  0.005565  0.004017  0.003444  0.003244  0.003038  0.002706  0.002296  0.001903  0.001593  0.001375  0.001226  0.001113  0.001020  0.000942  0.000882  0.000842  0.000817  0.000799  0.000781  0.000762  0.000742  0.000722  0.000705  0.000690  0.000674  0.000656  0.000636  0.000614  0.000592  0.000570  0.000550  0.000530  0.000511  0.000491  0.000472  0.000453  0.000434  
1.000138  0.780737  0.556162  0.355937  0.199574  0.094237  0.035902  0.013075  0.011530  0.018485  0.025167  0.027468  0.025057  0.019728  0.013769  0.008862  0.005689  0.004090  0.003485  0.003276  0.003078  0.002762  0.002367  0.001983  0.001675  0.001456  0.001303  0.001187  0.001090  0.001008  0.000943  0.000896  0.000864  0.000841  0.000821  0.000800  0.000779  0.000758  0.000737  0.000718  0.000699  0.000680  0.000660  0.000642  0.000624  0.000607  0.000590  0.000572  0.000554  0.000534  0.000513  0.000492  0.000471  
1.000138  0.779915  0.554721  0.354223  0.197956  0.092997  0.035163  0.012801  0.011570  0.018652  0.025308  0.027497  0.024965  0.019556  0.013574  0.008688  0.005556  0.003998  0.003422  0.003229  0.003042  0.002735  0.002349  0.001971  0.001664  0.001442  0.001284  0.001165  0.001070  0.000995  0.000941  0.000903  0.000876  0.000852  0.000827  0.000800  0.000774  0.000751  0.000732  0.000716  0.000699  0.000682  0.000661  0.000640  0.000619  0.000599  0.000581  0.000564  0.000548  0.000531  0.000513  0.000494  0.000475  
1.000111  0.780770  0.556244  0.356050  0.199697  0.094357  0.036008  0.013158  0.011580  0.018493  0.025128  0.027382  0.024935  0.019589  0.013633  0.008743  0.005595  0.004019  0.003428  0.003220  0.003016  0.002690  0.002287  0.001901  0.001596  0.001383  0.001239  0.001132  0.001041  0.000962  0.000897  0.000851  0.000819  0.000798  0.000783  0.000769  0.000756  0.000743  0.000730  0.000715  0.000697  0.000676  0.000652  0.000628  0.000605  0.000584  0.000564  0.000546  0.000528  0.000509  0.000490  0.000470  0.000450  
1.000138  0.780546  0.555815  0.355507  0.199150  0.093900  0.035700  0.013015  0.011579  0.018586  0.025263  0.027518  0.025045  0.019665  0.013680  0.008772  0.005616  0.004040  0.003453  0.003252  0.003053  0.002731  0.002329  0.001942  0.001635  0.001422  0.001280  0.001177  0.001093  0.001021  0.000960  0.000912  0.000873  0.000841  0.000812  0.000786  0.000764  0.000745  0.000728  0.000712  0.000695  0.000676  0.000656  0.000637  0.000618  0.000600  0.000583  0.000565  0.000547  0.000528  0.000509  0.000490  0.000472  
1.000138  0.780017  0.554776  0.354098  0.197611  0.092512  0.034710  0.012559  0.011646  0.019030  0.025860  0.028047  0.025360  0.019726  0.013542  0.008546  0.005409  0.003919  0.003431  0.003300  0.003128  0.002798  0.002372  0.001964  0.001647  0.001432  0.001289  0.001181  0.001087  0.001004  0.000937  0.000887  0.000853  0.000827  0.000804  0.000781  0.000759  0.000741  0.000728  0.000717  0.000706  0.000694  0.000679  0.000661  0.000642  0.000622  0.000602  0.000581  0.000559  0.000537  0.000515  0.000493  0.000473  
1.000111  0.781172  0.556830  0.356552  0.199925  0.094267  0.035708  0.012842  0.011431  0.018602  0.025469  0.027838  0.025362  0.019880  0.013755  0.008734  0.005528  0.003966  0.003427  0.003272  0.003092  0.002756  0.002318  0.001891  0.001555  0.001329  0.001188  0.001094  0.001021  0.000957  0.000904  0.000862  0.000831  0.000805  0.000782  0.000761  0.000740  0.000722  0.000706  0.000690  0.000672  0.000653  0.000632  0.000610  0.000590  0.000571  0.000552  0.000534  0.000516  0.000498  0.000480  0.000462  0.000444  
1.000172  0.780534  0.555810  0.355559  0.199282  0.094093  0.035899  0.013152  0.011604  0.018486  0.025066  0.027276  0.024816  0.019489  0.013570  0.008715  0.005585  0.004011  0.003411  0.003195  0.002989  0.002669  0.002275  0.001894  0.001589  0.001372  0.001222  0.001113  0.001027  0.000960  0.000912  0.000879  0.000858  0.000839  0.000821  0.000801  0.000782  0.000766  0.000753  0.000741  0.000728  0.000712  0.000692  0.000671  0.000649  0.000629  0.000610  0.000593  0.000575  0.000558  0.000539  0.000520  0.000501  
1.000138  0.780754  0.556194  0.355977  0.199616  0.094280  0.035943  0.013113  0.011560  0.018501  0.025163  0.027436  0.024994  0.019635  0.013649  0.008723  0.005542  0.003947  0.003357  0.003171  0.003000  0.002707  0.002327  0.001947  0.001633  0.001402  0.001239  0.001119  0.001026  0.000954  0.000902  0.000868  0.000844  0.000824  0.000804  0.000783  0.000763  0.000746  0.000732  0.000719  0.000703  0.000685  0.000663  0.000639  0.000615  0.000593  0.000573  0.000554  0.000535  0.000517  0.000499  0.000481  0.000464  
1.000138  0.780568  0.555916  0.355727  0.199491  0.094312  0.036095  0.013300  0.011689  0.018513  0.025054  0.027252  0.024806  0.019510  0.013623  0.008791  0.005666  0.004079  0.003456  0.003217  0.002995  0.002671  0.002282  0.001911  0.001614  0.001399  0.001246  0.001129  0.001034  0.000961  0.000909  0.000876  0.000853  0.000833  0.000810  0.000783  0.000755  0.000731  0.000711  0.000697  0.000685  0.000674  0.000660  0.000645  0.000628  0.000609  0.000589  0.000568  0.000548  0.000527  0.000507  0.000487  0.000468  
1.000138  0.780928  0.556451  0.356205  0.199728  0.094246  0.035799  0.012935  0.011433  0.018479  0.025256  0.027614  0.025207  0.019837  0.013816  0.008850  0.005640  0.004028  0.003425  0.003222  0.003027  0.002710  0.002311  0.001927  0.001625  0.001416  0.001277  0.001173  0.001084  0.001006  0.000944  0.000898  0.000868  0.000845  0.000823  0.000798  0.000772  0.000746  0.000723  0.000705  0.000690  0.000676  0.000661  0.000645  0.000627  0.000607  0.000587  0.000567  0.000546  0.000526  0.000507  0.000488  0.000470  
1.000138  0.780673  0.556045  0.355789  0.199426  0.094117  0.035824  0.013038  0.011515  0.018463  0.025112  0.027362  0.024898  0.019530  0.013554  0.008655  0.005508  0.003947  0.003381  0.003203  0.003028  0.002724  0.002333  0.001948  0.001637  0.001416  0.001265  0.001154  0.001065  0.000989  0.000929  0.000885  0.000853  0.000829  0.000809  0.000791  0.000775  0.000761  0.000747  0.000733  0.000715  0.000693  0.000669  0.000644  0.000621  0.000601  0.000583  0.000567  0.000552  0.000536  0.000519  0.000500  0.000479  
1.000138  0.780399  0.555577  0.355257  0.198965  0.093826  0.035740  0.013132  0.011715  0.018682  0.025280  0.027443  0.024894  0.019471  0.013479  0.008597  0.005485  0.003958  0.003411  0.003237  0.003050  0.002728  0.002318  0.001918  0.001597  0.001370  0.001218  0.001110  0.001027  0.000963  0.000916  0.000884  0.000860  0.000838  0.000812  0.000783  0.000756  0.000734  0.000719  0.000709  0.000701  0.000690  0.000674  0.000654  0.000631  0.000606  0.000581  0.000558  0.000538  0.000519  0.000503  0.000487  0.000472  
1.000138  0.780668  0.556058  0.355840  0.199520  0.094242  0.035958  0.013153  0.011596  0.018508  0.025135  0.027383  0.024934  0.019589  0.013633  0.008742  0.005592  0.004018  0.003435  0.003242  0.003052  0.002736  0.002332  0.001935  0.001615  0.001389  0.001239  0.001134  0.001053  0.000986  0.000931  0.000888  0.000853  0.000825  0.000801  0.000780  0.000763  0.000749  0.000736  0.000722  0.000705  0.000686  0.000664  0.000641  0.000620  0.000599  0.000580  0.000562  0.000543  0.000524  0.000505  0.000487  0.000470  
1.000138  0.780804  0.556270  0.356052  0.199667  0.094298  0.035938  0.013105  0.011573  0.018551  0.025253  0.027560  0.025136  0.019779  0.013783  0.008841  0.005643  0.004034  0.003431  0.003233  0.003049  0.002745  0.002357  0.001974  0.001662  0.001438  0.001282  0.001166  0.001071  0.000992  0.000928  0.000879  0.000844  0.000816  0.000793  0.000772  0.000754  0.000739  0.000726  0.000713  0.000698  0.000682  0.000664  0.000644  0.000625  0.000605  0.000586  0.000566  0.000545  0.000524  0.000502  0.000481  0.000461  
1.000138  0.780416  0.555594  0.355252  0.198922  0.093738  0.035614  0.012988  0.011576  0.018569  0.025204  0.027405  0.024887  0.019482  0.013498  0.008614  0.005495  0.003957  0.003397  0.003207  0.003003  0.002665  0.002246  0.001848  0.001543  0.001344  0.001221  0.001137  0.001065  0.000997  0.000934  0.000880  0.000836  0.000802  0.000775  0.000753  0.000736  0.000722  0.000711  0.000699  0.000686  0.000671  0.000654  0.000636  0.000618  0.000601  0.000583  0.000565  0.000546  0.000526  0.000507  0.000487  0.000469  
1.000138  0.779060  0.553193  0.352365  0.196166  0.091610  0.034367  0.012608  0.011842  0.019166  0.025835  0.027874  0.025120  0.019511  0.013411  0.008506  0.005433  0.003967  0.003473  0.003324  0.003133  0.002788  0.002352  0.001932  0.001605  0.001382  0.001238  0.001135  0.001049  0.000974  0.000912  0.000867  0.000837  0.000819  0.000804  0.000790  0.000774  0.000756  0.000737  0.000716  0.000695  0.000674  0.000653  0.000635  0.000618  0.000602  0.000586  0.000568  0.000548  0.000526  0.000503  0.000481  0.000460  
1.000138  0.779181  0.553472  0.352809  0.196732  0.092206  0.034878  0.012929  0.011914  0.018996  0.025491  0.027457  0.024732  0.019221  0.013239  0.008431  0.005407  0.003942  0.003419  0.003234  0.003021  0.002677  0.002262  0.001874  0.001578  0.001381  0.001251  0.001156  0.001074  0.001001  0.000940  0.000894  0.000858  0.000829  0.000802  0.000775  0.000748  0.000725  0.000705  0.000688  0.000672  0.000655  0.000638  0.000620  0.000603  0.000586  0.000571  0.000557  0.000542  0.000525  0.000508  0.000489  0.000469  
1.000138  0.780476  0.555679  0.355320  0.198939  0.093695  0.035528  0.012896  0.011521  0.018583  0.025297  0.027563  0.025077  0.019669  0.013651  0.008720  0.005558  0.003993  0.003429  0.003253  0.003073  0.002759  0.002354  0.001955  0.001633  0.001406  0.001252  0.001142  0.001054  0.000982  0.000925  0.000884  0.000853  0.000826  0.000800  0.000771  0.000744  0.000720  0.000700  0.000686  0.000673  0.000661  0.000647  0.000631  0.000614  0.000597  0.000580  0.000562  0.000545  0.000527  0.000509  0.000490  0.000472  
1.000138  0.780831  0.556284  0.356009  0.199544  0.094101  0.035702  0.012883  0.011413  0.018479  0.025268  0.027634  0.025230  0.019858  0.013825  0.008842  0.005610  0.003981  0.003370  0.003169  0.002982  0.002674  0.002280  0.001895  0.001587  0.001372  0.001229  0.001128  0.001046  0.000976  0.000917  0.000871  0.000836  0.000809  0.000786  0.000767  0.000751  0.000738  0.000728  0.000717  0.000703  0.000685  0.000663  0.000640  0.000617  0.000595  0.000576  0.000558  0.000541  0.000525  0.000508  0.000491  0.000473  
1.000138  0.780868  0.556373  0.356158  0.199744  0.094326  0.035911  0.013024  0.011444  0.018377  0.025037  0.027307  0.024859  0.019501  0.013533  0.008644  0.005512  0.003967  0.003411  0.003234  0.003047  0.002724  0.002312  0.001910  0.001590  0.001369  0.001222  0.001117  0.001033  0.000962  0.000905  0.000864  0.000837  0.000816  0.000798  0.000780  0.000761  0.000743  0.000725  0.000707  0.000689  0.000669  0.000649  0.000628  0.000609  0.000592  0.000577  0.000561  0.000546  0.000530  0.000512  0.000494  0.000475  
1.000138  0.780910  0.556491  0.356371  0.200049  0.094686  0.036268  0.013319  0.011631  0.018446  0.025013  0.027238  0.024798  0.019488  0.013579  0.008734  0.005614  0.004043  0.003437  0.003204  0.002974  0.002633  0.002230  0.001858  0.001575  0.001386  0.001260  0.001164  0.001077  0.000998  0.000933  0.000887  0.000855  0.000833  0.000813  0.000791  0.000769  0.000747  0.000727  0.000709  0.000692  0.000675  0.000657  0.000637  0.000618  0.000599  0.000581  0.000563  0.000545  0.000527  0.000508  0.000489  0.000469  
1.000138  0.780574  0.555900  0.355668  0.199386  0.094186  0.035989  0.013257  0.011737  0.018648  0.025245  0.027455  0.024979  0.019627  0.013682  0.008809  0.005670  0.004090  0.003483  0.003258  0.003040  0.002710  0.002310  0.001930  0.001631  0.001420  0.001273  0.001162  0.001069  0.000990  0.000930  0.000888  0.000860  0.000839  0.000820  0.000801  0.000783  0.000766  0.000750  0.000734  0.000716  0.000695  0.000671  0.000646  0.000622  0.000600  0.000580  0.000562  0.000543  0.000524  0.000505  0.000485  0.000466  
1.000111  0.780156  0.555168  0.354769  0.198492  0.093442  0.035482  0.013001  0.011684  0.018716  0.025348  0.027527  0.024987  0.019570  0.013582  0.008695  0.005568  0.004015  0.003438  0.003235  0.003030  0.002701  0.002297  0.001911  0.001608  0.001395  0.001250  0.001139  0.001045  0.000964  0.000901  0.000855  0.000825  0.000805  0.000787  0.000769  0.000750  0.000731  0.000712  0.000693  0.000673  0.000653  0.000633  0.000614  0.000596  0.000580  0.000565  0.000549  0.000532  0.000512  0.000491  0.000469  0.000447  
1.000106  0.780257  0.555343  0.354968  0.198666  0.093555  0.035522  0.012976  0.011615  0.018628  0.025260  0.027449  0.024922  0.019518  0.013542  0.008666  0.005548  0.004003  0.003431  0.003229  0.003020  0.002687  0.002280  0.001893  0.001590  0.001381  0.001237  0.001127  0.001033  0.000952  0.000888  0.000843  0.000813  0.000792  0.000773  0.000754  0.000734  0.000717  0.000702  0.000689  0.000675  0.000659  0.000641  0.000620  0.000598  0.000577  0.000556  0.000537  0.000517  0.000497  0.000477  0.000457  0.000436  
1.000138  0.780904  0.556442  0.356251  0.199850  0.094437  0.036025  0.013147  0.011585  0.018544  0.025233  0.027524  0.025082  0.019708  0.013705  0.008768  0.005586  0.003998  0.003413  0.003221  0.003032  0.002713  0.002307  0.001911  0.001594  0.001374  0.001227  0.001122  0.001038  0.000967  0.000910  0.000870  0.000843  0.000824  0.000809  0.000795  0.000781  0.000767  0.000753  0.000737  0.000718  0.000696  0.000673  0.000651  0.000630  0.000612  0.000596  0.000580  0.000563  0.000545  0.000524  0.000503  0.000482  
1.000111  0.779622  0.554238  0.353679  0.197493  0.092725  0.035130  0.012981  0.011883  0.018991  0.025576  0.027637  0.024968  0.019457  0.013430  0.008557  0.005476  0.003980  0.003452  0.003282  0.003092  0.002764  0.002351  0.001951  0.001631  0.001403  0.001244  0.001125  0.001027  0.000948  0.000888  0.000847  0.000821  0.000801  0.000783  0.000764  0.000745  0.000728  0.000712  0.000696  0.000679  0.000658  0.000636  0.000612  0.000589  0.000569  0.000550  0.000533  0.000517  0.000500  0.000482  0.000463  0.000445  
1.000111  0.780156  0.555168  0.354769  0.198492  0.093442  0.035482  0.013001  0.011684  0.018716  0.025348  0.027527  0.024987  0.019570  0.013582  0.008695  0.005568  0.004015  0.003438  0.003235  0.003030  0.002701  0.002297  0.001911  0.001608  0.001395  0.001250  0.001139  0.001045  0.000964  0.000901  0.000855  0.000825  0.000805  0.000787  0.000769  0.000750  0.000731  0.000712  0.000693  0.000673  0.000653  0.000633  0.000614  0.000596  0.000580  0.000565  0.000549  0.000532  0.000512  0.000491  0.000469  0.000447  
1.000111  0.779708  0.554322  0.353665  0.197323  0.092404  0.034727  0.012602  0.011625  0.018909  0.025663  0.027839  0.025205  0.019659  0.013559  0.008612  0.005484  0.003975  0.003461  0.003312  0.003134  0.002804  0.002375  0.001956  0.001623  0.001394  0.001244  0.001139  0.001053  0.000976  0.000908  0.000852  0.000808  0.000774  0.000747  0.000727  0.000711  0.000701  0.000692  0.000683  0.000671  0.000655  0.000635  0.000615  0.000594  0.000575  0.000556  0.000539  0.000521  0.000503  0.000485  0.000466  0.000448  
1.000138  0.780663  0.556021  0.355745  0.199348  0.093994  0.035652  0.012828  0.011296  0.018279  0.025006  0.027363  0.025012  0.019734  0.013806  0.008905  0.005716  0.004091  0.003461  0.003237  0.003039  0.002732  0.002346  0.001968  0.001657  0.001430  0.001270  0.001152  0.001060  0.000989  0.000937  0.000900  0.000872  0.000847  0.000821  0.000794  0.000768  0.000746  0.000728  0.000712  0.000696  0.000678  0.000660  0.000642  0.000624  0.000608  0.000593  0.000576  0.000558  0.000539  0.000517  0.000495  0.000473  
1.000111  0.780156  0.555168  0.354769  0.198492  0.093442  0.035482  0.013001  0.011684  0.018716  0.025348  0.027527  0.024987  0.019570  0.013582  0.008695  0.005568  0.004015  0.003438  0.003235  0.003030  0.002701  0.002297  0.001911  0.001608  0.001395  0.001250  0.001139  0.001045  0.000964  0.000901  0.000855  0.000825  0.000805  0.000787  0.000769  0.000750  0.000731  0.000712  0.000693  0.000673  0.000653  0.000633  0.000614  0.000596  0.000580  0.000565  0.000549  0.000532  0.000512  0.000491  0.000469  0.000447  
1.000106  0.780898  0.556495  0.356381  0.200044  0.094649  0.036194  0.013223  0.011551  0.018427  0.025089  0.027418  0.025057  0.019772  0.013830  0.008906  0.005692  0.004045  0.003403  0.003177  0.002983  0.002684  0.002306  0.001932  0.001623  0.001396  0.001235  0.001114  0.001018  0.000942  0.000886  0.000848  0.000822  0.000803  0.000786  0.000769  0.000751  0.000735  0.000719  0.000704  0.000687  0.000668  0.000647  0.000625  0.000604  0.000583  0.000564  0.000545  0.000526  0.000506  0.000487  0.000467  0.000447  
1.000138  0.780179  0.555178  0.354762  0.198469  0.093412  0.035460  0.013002  0.011719  0.018787  0.025447  0.027640  0.025097  0.019664  0.013653  0.008743  0.005599  0.004037  0.003460  0.003261  0.003060  0.002732  0.002324  0.001929  0.001613  0.001390  0.001237  0.001126  0.001039  0.000970  0.000919  0.000885  0.000861  0.000840  0.000817  0.000792  0.000768  0.000747  0.000730  0.000716  0.000701  0.000685  0.000665  0.000643  0.000621  0.000600  0.000580  0.000562  0.000544  0.000525  0.000507  0.000489  0.000472  
1.000138  0.780416  0.555594  0.355252  0.198922  0.093738  0.035614  0.012988  0.011576  0.018569  0.025204  0.027405  0.024887  0.019482  0.013498  0.008614  0.005495  0.003957  0.003397  0.003207  0.003003  0.002665  0.002246  0.001848  0.001543  0.001344  0.001221  0.001137  0.001065  0.000997  0.000934  0.000880  0.000836  0.000802  0.000775  0.000753  0.000736  0.000722  0.000711  0.000699  0.000686  0.000671  0.000654  0.000636  0.000618  0.000601  0.000583  0.000565  0.000546  0.000526  0.000507  0.000487  0.000469  
1.000138  0.780078  0.554983  0.354494  0.198162  0.093102  0.035181  0.012779  0.011569  0.018712  0.025436  0.027671  0.025142  0.019698  0.013660  0.008722  0.005559  0.003995  0.003429  0.003250  0.003066  0.002746  0.002334  0.001927  0.001598  0.001366  0.001212  0.001106  0.001025  0.000960  0.000909  0.000869  0.000840  0.000815  0.000793  0.000772  0.000754  0.000739  0.000726  0.000713  0.000699  0.000681  0.000661  0.000640  0.000619  0.000598  0.000578  0.000559  0.000539  0.000520  0.000500  0.000481  0.000463  
1.000111  0.779828  0.554563  0.353997  0.197686  0.092721  0.034925  0.012636  0.011494  0.018658  0.025370  0.027584  0.025050  0.019627  0.013629  0.008735  0.005602  0.004043  0.003458  0.003247  0.003032  0.002698  0.002290  0.001904  0.001602  0.001392  0.001250  0.001143  0.001052  0.000975  0.000912  0.000865  0.000832  0.000805  0.000781  0.000756  0.000734  0.000714  0.000699  0.000686  0.000672  0.000657  0.000639  0.000618  0.000597  0.000575  0.000555  0.000535  0.000516  0.000497  0.000479  0.000460  0.000442  
1.000131  0.780649  0.555985  0.355681  0.199270  0.093932  0.035645  0.012905  0.011459  0.018499  0.025232  0.027540  0.025098  0.019718  0.013707  0.008763  0.005576  0.003986  0.003404  0.003221  0.003044  0.002739  0.002342  0.001947  0.001625  0.001393  0.001235  0.001122  0.001035  0.000966  0.000914  0.000876  0.000849  0.000826  0.000805  0.000784  0.000766  0.000751  0.000737  0.000723  0.000707  0.000688  0.000666  0.000645  0.000624  0.000606  0.000588  0.000570  0.000550  0.000528  0.000506  0.000483  0.000463  
1.000111  0.779632  0.554222  0.353600  0.197327  0.092470  0.034814  0.012655  0.011603  0.018806  0.025510  0.027686  0.025104  0.019636  0.013608  0.008697  0.005559  0.004003  0.003425  0.003222  0.003015  0.002686  0.002282  0.001897  0.001594  0.001383  0.001238  0.001129  0.001037  0.000959  0.000898  0.000853  0.000822  0.000797  0.000775  0.000754  0.000734  0.000717  0.000704  0.000694  0.000683  0.000670  0.000653  0.000634  0.000613  0.000592  0.000570  0.000549  0.000528  0.000508  0.000488  0.000468  0.000449  
1.000106  0.780158  0.555219  0.354905  0.198722  0.093736  0.035783  0.013244  0.011821  0.018732  0.025262  0.027380  0.024825  0.019430  0.013479  0.008630  0.005528  0.003990  0.003422  0.003227  0.003030  0.002710  0.002311  0.001924  0.001613  0.001389  0.001231  0.001111  0.001012  0.000933  0.000875  0.000837  0.000815  0.000799  0.000782  0.000762  0.000739  0.000717  0.000697  0.000679  0.000664  0.000649  0.000633  0.000616  0.000598  0.000579  0.000560  0.000541  0.000521  0.000501  0.000481  0.000461  0.000440  
1.000138  0.780653  0.555968  0.355623  0.199160  0.093770  0.035447  0.012696  0.011268  0.018350  0.025136  0.027495  0.025090  0.019728  0.013714  0.008754  0.005544  0.003932  0.003335  0.003145  0.002970  0.002672  0.002286  0.001903  0.001590  0.001365  0.001208  0.001094  0.001004  0.000934  0.000884  0.000851  0.000831  0.000816  0.000800  0.000782  0.000763  0.000746  0.000731  0.000718  0.000706  0.000691  0.000673  0.000652  0.000630  0.000608  0.000587  0.000568  0.000549  0.000531  0.000512  0.000494  0.000476  
1.000138  0.780596  0.555905  0.355614  0.199245  0.093959  0.035706  0.012965  0.011484  0.018467  0.025144  0.027416  0.024973  0.019623  0.013661  0.008767  0.005614  0.004035  0.003443  0.003238  0.003039  0.002722  0.002327  0.001945  0.001639  0.001421  0.001269  0.001153  0.001058  0.000979  0.000918  0.000876  0.000846  0.000822  0.000797  0.000771  0.000745  0.000723  0.000707  0.000695  0.000685  0.000675  0.000662  0.000646  0.000626  0.000605  0.000583  0.000562  0.000540  0.000520  0.000502  0.000485  0.000469  
1.000106  0.779498  0.554098  0.353629  0.197589  0.092940  0.035369  0.013126  0.011849  0.018765  0.025221  0.027264  0.024687  0.019335  0.013470  0.008706  0.005658  0.004123  0.003518  0.003266  0.003018  0.002666  0.002256  0.001875  0.001576  0.001366  0.001221  0.001112  0.001024  0.000952  0.000896  0.000854  0.000822  0.000795  0.000770  0.000747  0.000728  0.000713  0.000701  0.000688  0.000672  0.000652  0.000630  0.000607  0.000585  0.000566  0.000549  0.000534  0.000518  0.000502  0.000485  0.000466  0.000447  
1.000106  0.780184  0.555294  0.355043  0.198916  0.093955  0.035979  0.013367  0.011838  0.018641  0.025094  0.027190  0.024672  0.019354  0.013493  0.008714  0.005642  0.004088  0.003470  0.003213  0.002964  0.002618  0.002221  0.001860  0.001586  0.001397  0.001266  0.001159  0.001062  0.000975  0.000903  0.000848  0.000810  0.000780  0.000756  0.000734  0.000716  0.000701  0.000689  0.000677  0.000663  0.000646  0.000627  0.000607  0.000588  0.000571  0.000555  0.000541  0.000525  0.000507  0.000486  0.000465  0.000442  
1.000138  0.780940  0.556517  0.356359  0.199973  0.094549  0.036099  0.013166  0.011545  0.018461  0.025135  0.027444  0.025046  0.019729  0.013777  0.008874  0.005704  0.004108  0.003503  0.003289  0.003083  0.002754  0.002343  0.001944  0.001624  0.001395  0.001238  0.001122  0.001028  0.000951  0.000893  0.000854  0.000831  0.000817  0.000805  0.000793  0.000779  0.000763  0.000747  0.000730  0.000712  0.000693  0.000673  0.000653  0.000632  0.000611  0.000591  0.000570  0.000550  0.000529  0.000509  0.000490  0.000472  
1.000106  0.780219  0.555322  0.355016  0.198803  0.093759  0.035737  0.013138  0.011678  0.018586  0.025142  0.027307  0.024805  0.019452  0.013526  0.008680  0.005564  0.003999  0.003400  0.003177  0.002960  0.002629  0.002231  0.001856  0.001565  0.001365  0.001230  0.001128  0.001040  0.000960  0.000893  0.000843  0.000808  0.000784  0.000766  0.000750  0.000735  0.000720  0.000705  0.000689  0.000672  0.000653  0.000634  0.000614  0.000595  0.000577  0.000560  0.000542  0.000524  0.000505  0.000484  0.000464  0.000443  
1.000111  0.779323  0.553674  0.352939  0.196694  0.091981  0.034531  0.012581  0.011695  0.018993  0.025721  0.027870  0.025231  0.019703  0.013628  0.008693  0.005551  0.004005  0.003444  0.003256  0.003057  0.002725  0.002311  0.001911  0.001593  0.001372  0.001223  0.001116  0.001031  0.000961  0.000906  0.000867  0.000839  0.000817  0.000796  0.000773  0.000751  0.000728  0.000707  0.000686  0.000666  0.000646  0.000627  0.000609  0.000592  0.000576  0.000559  0.000542  0.000523  0.000502  0.000482  0.000461  0.000442  
1.000106  0.780065  0.555045  0.354680  0.198480  0.093511  0.035593  0.013091  0.011694  0.018616  0.025147  0.027269  0.024731  0.019368  0.013463  0.008658  0.005587  0.004058  0.003475  0.003251  0.003024  0.002682  0.002275  0.001893  0.001593  0.001381  0.001230  0.001112  0.001011  0.000927  0.000862  0.000818  0.000788  0.000767  0.000746  0.000726  0.000708  0.000694  0.000684  0.000676  0.000667  0.000656  0.000640  0.000621  0.000600  0.000578  0.000555  0.000533  0.000511  0.000490  0.000469  0.000450  0.000432  
1.000138  0.780322  0.555432  0.355070  0.198775  0.093678  0.035676  0.013182  0.011887  0.018962  0.025630  0.027811  0.025226  0.019727  0.013641  0.008671  0.005497  0.003941  0.003397  0.003242  0.003077  0.002770  0.002363  0.001959  0.001633  0.001405  0.001256  0.001152  0.001070  0.001000  0.000940  0.000890  0.000850  0.000816  0.000787  0.000760  0.000738  0.000720  0.000707  0.000696  0.000685  0.000671  0.000655  0.000636  0.000616  0.000596  0.000576  0.000556  0.000537  0.000518  0.000499  0.000482  0.000465  
1.000131  0.780179  0.555159  0.354697  0.198339  0.093218  0.035221  0.012752  0.011496  0.018620  0.025348  0.027601  0.025096  0.019676  0.013657  0.008730  0.005569  0.004000  0.003425  0.003237  0.003048  0.002731  0.002330  0.001939  0.001628  0.001409  0.001262  0.001156  0.001070  0.000997  0.000937  0.000890  0.000853  0.000821  0.000792  0.000765  0.000743  0.000726  0.000715  0.000706  0.000698  0.000687  0.000673  0.000655  0.000635  0.000614  0.000593  0.000572  0.000550  0.000529  0.000508  0.000487  0.000467  
1.000111  0.781072  0.556746  0.356591  0.200120  0.094557  0.035964  0.012934  0.011291  0.018259  0.025033  0.027447  0.025121  0.019820  0.013829  0.008851  0.005598  0.003939  0.003307  0.003104  0.002934  0.002651  0.002279  0.001905  0.001592  0.001362  0.001200  0.001082  0.000992  0.000923  0.000872  0.000837  0.000811  0.000789  0.000768  0.000747  0.000727  0.000711  0.000698  0.000685  0.000671  0.000654  0.000634  0.000612  0.000591  0.000572  0.000554  0.000538  0.000522  0.000505  0.000487  0.000469  0.000450  
1.000111  0.780591  0.555884  0.355540  0.199103  0.093760  0.035492  0.012791  0.011393  0.018478  0.025239  0.027555  0.025100  0.019697  0.013660  0.008697  0.005501  0.003911  0.003335  0.003159  0.002988  0.002688  0.002297  0.001912  0.001601  0.001382  0.001233  0.001125  0.001036  0.000960  0.000899  0.000852  0.000819  0.000794  0.000773  0.000754  0.000737  0.000721  0.000705  0.000688  0.000669  0.000647  0.000624  0.000602  0.000583  0.000567  0.000553  0.000540  0.000526  0.000509  0.000490  0.000469  0.000447  
1.000106  0.779616  0.554256  0.353735  0.197582  0.092817  0.035185  0.012968  0.011795  0.018851  0.025431  0.027537  0.024948  0.019526  0.013569  0.008729  0.005642  0.004111  0.003535  0.003318  0.003091  0.002742  0.002319  0.001920  0.001607  0.001390  0.001244  0.001138  0.001050  0.000974  0.000913  0.000866  0.000830  0.000800  0.000772  0.000746  0.000723  0.000704  0.000689  0.000678  0.000667  0.000654  0.000639  0.000621  0.000602  0.000582  0.000560  0.000538  0.000516  0.000493  0.000471  0.000450  0.000430  
1.000138  0.780318  0.555400  0.354981  0.198605  0.093413  0.035317  0.012746  0.011408  0.018481  0.025194  0.027463  0.024998  0.019628  0.013661  0.008776  0.005644  0.004084  0.003502  0.003294  0.003081  0.002741  0.002322  0.001924  0.001611  0.001396  0.001253  0.001148  0.001061  0.000985  0.000923  0.000876  0.000842  0.000815  0.000792  0.000771  0.000752  0.000737  0.000724  0.000713  0.000700  0.000685  0.000666  0.000646  0.000625  0.000604  0.000585  0.000566  0.000547  0.000528  0.000508  0.000489  0.000469  
1.000138  0.780000  0.554824  0.354272  0.197908  0.092859  0.034988  0.012666  0.011542  0.018758  0.025528  0.027779  0.025243  0.019779  0.013721  0.008767  0.005595  0.004025  0.003456  0.003272  0.003085  0.002766  0.002358  0.001957  0.001632  0.001400  0.001238  0.001120  0.001027  0.000954  0.000901  0.000867  0.000848  0.000834  0.000820  0.000802  0.000781  0.000759  0.000736  0.000715  0.000695  0.000676  0.000658  0.000640  0.000623  0.000605  0.000587  0.000567  0.000546  0.000526  0.000506  0.000488  0.000471  
1.000106  0.781260  0.557079  0.357011  0.200591  0.095075  0.036546  0.013584  0.011982  0.018926  0.025596  0.027850  0.025353  0.019925  0.013884  0.008932  0.005751  0.004163  0.003566  0.003347  0.003122  0.002771  0.002345  0.001941  0.001625  0.001405  0.001254  0.001141  0.001046  0.000967  0.000906  0.000864  0.000834  0.000809  0.000785  0.000761  0.000739  0.000721  0.000707  0.000693  0.000678  0.000660  0.000638  0.000615  0.000592  0.000572  0.000552  0.000534  0.000515  0.000496  0.000476  0.000457  0.000437  
1.000111  0.779981  0.554880  0.354451  0.198208  0.093213  0.035289  0.012801  0.011439  0.018412  0.024998  0.027165  0.024648  0.019281  0.013352  0.008522  0.005445  0.003936  0.003399  0.003229  0.003044  0.002721  0.002305  0.001895  0.001565  0.001334  0.001185  0.001084  0.001010  0.000949  0.000898  0.000856  0.000821  0.000790  0.000762  0.000737  0.000717  0.000702  0.000690  0.000680  0.000668  0.000654  0.000638  0.000620  0.000603  0.000587  0.000572  0.000556  0.000538  0.000520  0.000499  0.000477  0.000455  
1.000138  0.780004  0.554828  0.354272  0.197903  0.092849  0.034979  0.012659  0.011536  0.018746  0.025496  0.027711  0.025127  0.019616  0.013522  0.008555  0.005396  0.003861  0.003338  0.003199  0.003045  0.002743  0.002339  0.001936  0.001611  0.001385  0.001235  0.001132  0.001050  0.000980  0.000921  0.000875  0.000839  0.000811  0.000788  0.000769  0.000753  0.000741  0.000731  0.000719  0.000704  0.000684  0.000662  0.000638  0.000616  0.000597  0.000581  0.000566  0.000550  0.000533  0.000513  0.000492  0.000470  
1.000106  0.779758  0.554564  0.354205  0.198170  0.093446  0.035759  0.013401  0.012036  0.018899  0.025333  0.027372  0.024793  0.019436  0.013557  0.008774  0.005703  0.004146  0.003524  0.003266  0.003021  0.002683  0.002293  0.001933  0.001649  0.001444  0.001293  0.001172  0.001069  0.000985  0.000922  0.000879  0.000847  0.000818  0.000788  0.000758  0.000729  0.000706  0.000689  0.000675  0.000663  0.000648  0.000632  0.000615  0.000598  0.000581  0.000564  0.000547  0.000529  0.000509  0.000487  0.000466  0.000444  
1.000106  0.780614  0.555922  0.355595  0.199204  0.093955  0.035820  0.013258  0.011959  0.019064  0.025761  0.027957  0.025378  0.019892  0.013838  0.008913  0.005774  0.004221  0.003635  0.003405  0.003156  0.002782  0.002341  0.001935  0.001622  0.001404  0.001249  0.001125  0.001018  0.000929  0.000866  0.000829  0.000809  0.000797  0.000783  0.000764  0.000744  0.000726  0.000712  0.000701  0.000689  0.000673  0.000653  0.000630  0.000606  0.000582  0.000560  0.000540  0.000519  0.000499  0.000479  0.000460  0.000441  
1.000106  0.781041  0.556630  0.356365  0.199826  0.094298  0.035871  0.013103  0.011738  0.018907  0.025739  0.028064  0.025550  0.020043  0.013902  0.008868  0.005645  0.004063  0.003503  0.003332  0.003145  0.002809  0.002375  0.001951  0.001613  0.001379  0.001227  0.001122  0.001040  0.000971  0.000913  0.000868  0.000831  0.000801  0.000773  0.000749  0.000730  0.000714  0.000701  0.000687  0.000670  0.000650  0.000628  0.000606  0.000586  0.000569  0.000552  0.000536  0.000518  0.000499  0.000479  0.000460  0.000441  
1.000106  0.780984  0.556574  0.356375  0.199945  0.094530  0.036171  0.013398  0.011950  0.018982  0.025667  0.027876  0.025309  0.019816  0.013741  0.008797  0.005658  0.004131  0.003592  0.003412  0.003201  0.002839  0.002388  0.001958  0.001622  0.001394  0.001246  0.001142  0.001056  0.000981  0.000917  0.000866  0.000825  0.000789  0.000757  0.000729  0.000708  0.000694  0.000686  0.000680  0.000673  0.000661  0.000644  0.000624  0.000603  0.000582  0.000562  0.000542  0.000522  0.000501  0.000481  0.000460  0.000440  
1.000106  0.780739  0.556159  0.355903  0.199523  0.094222  0.035989  0.013310  0.011907  0.018944  0.025618  0.027822  0.025265  0.019792  0.013733  0.008787  0.005626  0.004066  0.003498  0.003307  0.003107  0.002776  0.002358  0.001951  0.001621  0.001382  0.001214  0.001090  0.000995  0.000924  0.000876  0.000845  0.000824  0.000804  0.000781  0.000756  0.000733  0.000715  0.000701  0.000687  0.000670  0.000650  0.000626  0.000603  0.000583  0.000566  0.000550  0.000535  0.000518  0.000500  0.000479  0.000459  0.000439  
1.000106  0.780916  0.556405  0.356090  0.199559  0.094094  0.035763  0.013098  0.011821  0.019045  0.025897  0.028210  0.025664  0.020120  0.013945  0.008888  0.005653  0.004067  0.003510  0.003344  0.003164  0.002836  0.002409  0.001990  0.001653  0.001416  0.001257  0.001142  0.001051  0.000977  0.000919  0.000878  0.000846  0.000819  0.000791  0.000762  0.000735  0.000713  0.000698  0.000687  0.000677  0.000665  0.000649  0.000630  0.000609  0.000587  0.000564  0.000542  0.000520  0.000499  0.000480  0.000461  0.000443  
1.000138  0.781614  0.557631  0.357580  0.201008  0.095242  0.036457  0.013314  0.011643  0.018625  0.025397  0.027763  0.025346  0.019949  0.013894  0.008906  0.005689  0.004082  0.003487  0.003284  0.003079  0.002744  0.002324  0.001919  0.001596  0.001369  0.001213  0.001099  0.001008  0.000936  0.000885  0.000852  0.000831  0.000814  0.000795  0.000774  0.000754  0.000739  0.000727  0.000717  0.000705  0.000688  0.000668  0.000644  0.000622  0.000601  0.000582  0.000565  0.000547  0.000529  0.000510  0.000490  0.000470  
1.000124  0.781065  0.556633  0.356325  0.199739  0.094183  0.035761  0.013032  0.011724  0.018946  0.025807  0.028130  0.025588  0.020042  0.013869  0.008821  0.005604  0.004040  0.003504  0.003353  0.003180  0.002852  0.002421  0.001996  0.001653  0.001409  0.001243  0.001121  0.001025  0.000948  0.000892  0.000855  0.000831  0.000813  0.000795  0.000776  0.000757  0.000740  0.000725  0.000711  0.000695  0.000676  0.000654  0.000632  0.000611  0.000590  0.000571  0.000552  0.000533  0.000513  0.000494  0.000476  0.000459  
1.000124  0.781515  0.557413  0.357231  0.200553  0.094742  0.035998  0.012978  0.011485  0.018650  0.025564  0.028000  0.025575  0.020112  0.013969  0.008906  0.005649  0.004042  0.003473  0.003306  0.003130  0.002808  0.002386  0.001970  0.001636  0.001403  0.001248  0.001136  0.001047  0.000972  0.000914  0.000872  0.000844  0.000821  0.000800  0.000779  0.000759  0.000741  0.000725  0.000710  0.000692  0.000672  0.000651  0.000629  0.000609  0.000590  0.000573  0.000556  0.000538  0.000519  0.000499  0.000479  0.000458  
1.000106  0.781122  0.556821  0.356676  0.200237  0.094763  0.036321  0.013469  0.011972  0.018996  0.025711  0.027971  0.025454  0.019992  0.013919  0.008947  0.005760  0.004179  0.003596  0.003389  0.003169  0.002815  0.002378  0.001961  0.001633  0.001406  0.001254  0.001142  0.001050  0.000972  0.000909  0.000861  0.000825  0.000794  0.000767  0.000742  0.000721  0.000706  0.000696  0.000685  0.000673  0.000656  0.000636  0.000615  0.000596  0.000579  0.000563  0.000547  0.000529  0.000510  0.000489  0.000468  0.000447  