0.00300000 1.00001000
0.00499038 0.61320324
0.00698077 0.27344050
0.00897115 0.07573809
0.01096154 0.00934752
0.01295192 0.00843044
0.01494231 0.01727934
0.01693269 0.01634135
0.01892308 0.00961030
0.02091346 0.00418544
0.02290385 0.00195094
0.02489423 0.00152885
0.02688461 0.00155675
0.02887500 0.00155772
0.03086538 0.00149361
0.03285577 0.00139330
0.03484615 0.00128707
0.03683654 0.00122611
0.03882692 0.00124503
0.04081731 0.00130261
0.04280769 0.00131710
0.04479808 0.00126994
0.04678846 0.00121626
0.04877884 0.00118554
0.05076923 0.00114015
0.05275961 0.00105161
0.05475000 0.00095428
0.05674038 0.00089251
0.05873077 0.00085924
0.06072115 0.00081857
0.06271154 0.00076056
0.06470192 0.00070637
0.06669230 0.00067393
0.06868269 0.00065967
0.07067307 0.00064943
0.07266346 0.00063375
0.07465384 0.00061214
0.07664423 0.00058915
0.07863461 0.00056925
0.08062500 0.00055388
0.08261538 0.00054123
0.08460577 0.00052810
0.08659615 0.00051266
0.08858653 0.00049597
0.09057692 0.00048022
0.09256730 0.00046551
0.09455769 0.00044992
0.09654807 0.00043292
0.09853846 0.00041657
0.10052884 0.00040260
0.10251923 0.00038996
0.10450961 0.00037652
0.10650000 0.00036158
0.10849038 0.00034594
0.11048076 0.00033059
0.11247115 0.00031611
0.11446153 0.00030275
0.11645192 0.00029041
0.11844230 0.00027878
0.12043269 0.00026755
0.12242307 0.00025638
0.12441346 0.00024479
0.12640384 0.00023257
0.12839423 0.00022026
0.13038461 0.00020890
0.13237499 0.00019899
0.13436538 0.00019006
0.13635576 0.00018114
0.13834615 0.00017166
0.14033653 0.00016178
0.14232692 0.00015212
0.14431730 0.00014328
0.14630769 0.00013546
0.14829807 0.00012830
0.15028846 0.00012118
0.15227884 0.00011378
0.15426922 0.00010636
0.15625961 0.00009934
0.15824999 0.00009283
0.16024038 0.00008661
0.16223076 0.00008054
0.16422115 0.00007474
0.16621153 0.00006935
0.16820192 0.00006432
0.17019230 0.00005951
0.17218268 0.00005489
0.17417307 0.00005059
0.17616345 0.00004665
0.17815384 0.00004302
0.18014422 0.00003961
0.18213461 0.00003638
0.18412499 0.00003337
0.18611538 0.00003061
0.18810576 0.00002809
0.19009615 0.00002578
0.19208653 0.00002365
0.19407691 0.00002171
0.19606730 0.00001997
0.19805768 0.00001840
0.20004807 0.00001699
0.20203845 0.00001574
0.20402884 0.00001462
0.20601922 0.00001366
0.20800961 0.00001284
0.20999999 0.00001214
0.21199038 0.00001155
0.21398076 0.00001107
0.21597114 0.00001069
0.21796153 0.00001040
0.21995191 0.00001019
0.22194230 0.00001006
0.22393268 0.00001000
0.22592307 0.00001001
0.22791345 0.00001008
0.22990384 0.00001019
0.23189422 0.00001036
0.23388461 0.00001056
0.23587499 0.00001080
0.23786537 0.00001106
0.23985576 0.00001135
0.24184614 0.00001165
0.24383653 0.00001197
0.24582691 0.00001230
0.24781730 0.00001264
0.24980768 0.00001299
0.25179807 0.00001333
0.25378845 0.00001367
0.25577884 0.00001400
0.25776922 0.00001432
0.25975960 0.00001462
0.26174999 0.00001491
0.26374037 0.00001518
0.26573076 0.00001544
0.26772114 0.00001569
0.26971153 0.00001592
0.27170191 0.00001611
0.27369230 0.00001627
0.27568268 0.00001640
0.27767306 0.00001653
0.27966345 0.00001665
0.28165383 0.00001676
0.28364422 0.00001684
0.28563460 0.00001688
0.28762499 0.00001689
0.28961537 0.00001687
0.29160576 0.00001683
0.29359614 0.00001679
0.29558653 0.00001674
0.29757691 0.00001667
0.29956729 0.00001657
