0.00300000 1.00001000
0.00499038 0.69658772
0.00698077 0.38980800
0.00897115 0.16356101
0.01096154 0.04415634
0.01295192 0.00717807
0.01494231 0.00897438
0.01693269 0.01607316
0.01892308 0.01585994
0.02091346 0.01030785
0.02290385 0.00485568
0.02489423 0.00203539
0.02688461 0.00127857
0.02887500 0.00121140
0.03086538 0.00111646
0.03285577 0.00094103
0.03484615 0.00080116
0.03683654 0.00072938
0.03882692 0.00069770
0.04081731 0.00068260
0.04280769 0.00067442
0.04479808 0.00066641
0.04678846 0.00065417
0.04877884 0.00063807
0.05076923 0.00062082
0.05275961 0.00060430
0.05475000 0.00058970
0.05674038 0.00057832
0.05873077 0.00057104
0.06072115 0.00056712
0.06271154 0.00056380
0.06470192 0.00055752
0.06669230 0.00054640
0.06868269 0.00053173
0.07067307 0.00051663
0.07266346 0.00050342
0.07465384 0.00049256
0.07664423 0.00048362
0.07863461 0.00047585
0.08062500 0.00046760
0.08261538 0.00045657
0.08460577 0.00044196
0.08659615 0.00042567
0.08858653 0.00041065
0.09057692 0.00039804
0.09256730 0.00038666
0.09455769 0.00037503
0.09654807 0.00036282
0.09853846 0.00035038
0.10052884 0.00033762
0.10251923 0.00032421
0.10450961 0.00031052
0.10650000 0.00029752
0.10849038 0.00028594
0.11048076 0.00027573
0.11247115 0.00026638
0.11446153 0.00025737
0.11645192 0.00024822
0.11844230 0.00023846
0.12043269 0.00022784
0.12242307 0.00021668
0.12441346 0.00020571
0.12640384 0.00019563
0.12839423 0.00018664
0.13038461 0.00017842
0.13237499 0.00017033
0.13436538 0.00016181
0.13635576 0.00015269
0.13834615 0.00014338
0.14033653 0.00013458
0.14232692 0.00012676
0.14431730 0.00011985
0.14630769 0.00011338
0.14829807 0.00010694
0.15028846 0.00010045
0.15227884 0.00009412
0.15426922 0.00008814
0.15625961 0.00008256
0.15824999 0.00007728
0.16024038 0.00007222
0.16223076 0.00006738
0.16422115 0.00006282
0.16621153 0.00005856
0.16820192 0.00005457
0.17019230 0.00005079
0.17218268 0.00004717
0.17417307 0.00004374
0.17616345 0.00004050
0.17815384 0.00003747
0.18014422 0.00003463
0.18213461 0.00003196
0.18412499 0.00002947
0.18611538 0.00002716
0.18810576 0.00002504
0.19009615 0.00002310
0.19208653 0.00002134
0.19407691 0.00001974
0.19606730 0.00001829
0.19805768 0.00001698
0.20004807 0.00001580
0.20203845 0.00001475
0.20402884 0.00001383
0.20601922 0.00001304
0.20800961 0.00001236
0.20999999 0.00001178
0.21199038 0.00001129
0.21398076 0.00001089
0.21597114 0.00001057
0.21796153 0.00001033
0.21995191 0.00001016
0.22194230 0.00001005
0.22393268 0.00001000
0.22592307 0.00001001
0.22791345 0.00001006
0.22990384 0.00001016
0.23189422 0.00001029
0.23388461 0.00001046
0.23587499 0.00001066
0.23786537 0.00001087
0.23985576 0.00001111
0.24184614 0.00001137
0.24383653 0.00001163
0.24582691 0.00001191
0.24781730 0.00001219
0.24980768 0.00001247
0.25179807 0.00001274
0.25378845 0.00001302
0.25577884 0.00001329
0.25776922 0.00001355
0.25975960 0.00001380
0.26174999 0.00001405
0.26374037 0.00001428
0.26573076 0.00001449
0.26772114 0.00001469
0.26971153 0.00001487
0.27170191 0.00001503
0.27369230 0.00001517
0.27568268 0.00001531
0.27767306 0.00001542
0.27966345 0.00001551
0.28165383 0.00001558
0.28364422 0.00001563
0.28563460 0.00001566
0.28762499 0.00001568
0.28961537 0.00001568
0.29160576 0.00001567
0.29359614 0.00001563
0.29558653 0.00001558
0.29757691 0.00001551
0.29956729 0.00001541
