0.00300000 1.00001000
0.00499038 0.50346285
0.00698077 0.15187072
0.00897115 0.01975973
0.01096154 0.01461033
0.01295192 0.02798068
0.01494231 0.02266317
0.01693269 0.01050020
0.01892308 0.00411755
0.02091346 0.00298746
0.02290385 0.00289030
0.02489423 0.00237120
0.02688461 0.00179580
0.02887500 0.00147125
0.03086538 0.00134074
0.03285577 0.00126075
0.03484615 0.00116368
0.03683654 0.00109454
0.03882692 0.00113053
0.04081731 0.00122649
0.04280769 0.00122799
0.04479808 0.00109996
0.04678846 0.00099047
0.04877884 0.00098842
0.05076923 0.00099903
0.05275961 0.00093325
0.05475000 0.00083808
0.05674038 0.00077834
0.05873077 0.00074016
0.06072115 0.00069362
0.06271154 0.00064639
0.06470192 0.00061190
0.06669230 0.00058567
0.06868269 0.00056148
0.07067307 0.00054029
0.07266346 0.00052256
0.07465384 0.00050629
0.07664423 0.00049202
0.07863461 0.00048229
0.08062500 0.00047533
0.08261538 0.00046479
0.08460577 0.00044790
0.08659615 0.00042914
0.08858653 0.00041360
0.09057692 0.00040126
0.09256730 0.00038936
0.09455769 0.00037669
0.09654807 0.00036387
0.09853846 0.00035138
0.10052884 0.00033898
0.10251923 0.00032653
0.10450961 0.00031458
0.10650000 0.00030350
0.10849038 0.00029293
0.11048076 0.00028231
0.11247115 0.00027147
0.11446153 0.00026053
0.11645192 0.00024970
0.11844230 0.00023900
0.12043269 0.00022808
0.12242307 0.00021659
0.12441346 0.00020506
0.12640384 0.00019463
0.12839423 0.00018578
0.13038461 0.00017790
0.13237499 0.00017012
0.13436538 0.00016207
0.13635576 0.00015381
0.13834615 0.00014569
0.14033653 0.00013803
0.14232692 0.00013086
0.14431730 0.00012386
0.14630769 0.00011683
0.14829807 0.00010978
0.15028846 0.00010284
0.15227884 0.00009633
0.15426922 0.00009046
0.15625961 0.00008492
0.15824999 0.00007924
0.16024038 0.00007350
0.16223076 0.00006829
0.16422115 0.00006381
0.16621153 0.00005970
0.16820192 0.00005565
0.17019230 0.00005170
0.17218268 0.00004797
0.17417307 0.00004443
0.17616345 0.00004102
0.17815384 0.00003778
0.18014422 0.00003482
0.18213461 0.00003214
0.18412499 0.00002969
0.18611538 0.00002743
0.18810576 0.00002532
0.19009615 0.00002336
0.19208653 0.00002154
0.19407691 0.00001986
0.19606730 0.00001835
0.19805768 0.00001700
0.20004807 0.00001583
0.20203845 0.00001480
0.20402884 0.00001388
0.20601922 0.00001308
0.20800961 0.00001239
0.20999999 0.00001180
0.21199038 0.00001130
0.21398076 0.00001089
0.21597114 0.00001057
0.21796153 0.00001033
0.21995191 0.00001016
0.22194230 0.00001005
0.22393268 0.00001000
0.22592307 0.00001001
0.22791345 0.00001006
0.22990384 0.00001016
0.23189422 0.00001030
0.23388461 0.00001047
0.23587499 0.00001067
0.23786537 0.00001089
0.23985576 0.00001113
0.24184614 0.00001138
0.24383653 0.00001165
0.24582691 0.00001193
0.24781730 0.00001221
0.24980768 0.00001250
0.25179807 0.00001280
0.25378845 0.00001308
0.25577884 0.00001335
0.25776922 0.00001361
0.25975960 0.00001387
0.26174999 0.00001412
0.26374037 0.00001435
0.26573076 0.00001457
0.26772114 0.00001477
0.26971153 0.00001495
0.27170191 0.00001512
0.27369230 0.00001527
0.27568268 0.00001540
0.27767306 0.00001551
0.27966345 0.00001559
0.28165383 0.00001566
0.28364422 0.00001570
0.28563460 0.00001575
0.28762499 0.00001577
0.28961537 0.00001578
0.29160576 0.00001576
0.29359614 0.00001574
0.29558653 0.00001569
0.29757691 0.00001561
0.29956729 0.00001550
