0.00300000 1.00001000
0.00499038 0.59602303
0.00698077 0.25108930
0.00897115 0.06287968
0.01096154 0.01137606
0.01295192 0.01955036
0.01494231 0.02814744
0.01693269 0.02214220
0.01892308 0.01146741
0.02091346 0.00516172
0.02290385 0.00343297
0.02489423 0.00304451
0.02688461 0.00241337
0.02887500 0.00172274
0.03086538 0.00128960
0.03285577 0.00104187
0.03484615 0.00085050
0.03683654 0.00070657
0.03882692 0.00062635
0.04081731 0.00058723
0.04280769 0.00056022
0.04479808 0.00053758
0.04678846 0.00052290
0.04877884 0.00051712
0.05076923 0.00051707
0.05275961 0.00051863
0.05475000 0.00051792
0.05674038 0.00051179
0.05873077 0.00049967
0.06072115 0.00048474
0.06271154 0.00047169
0.06470192 0.00046208
0.06669230 0.00045305
0.06868269 0.00044197
0.07067307 0.00043116
0.07266346 0.00042484
0.07465384 0.00042175
0.07664423 0.00041514
0.07863461 0.00040139
0.08062500 0.00038479
0.08261538 0.00037170
0.08460577 0.00036325
0.08659615 0.00035614
0.08858653 0.00034761
0.09057692 0.00033687
0.09256730 0.00032395
0.09455769 0.00030986
0.09654807 0.00029666
0.09853846 0.00028571
0.10052884 0.00027634
0.10251923 0.00026711
0.10450961 0.00025743
0.10650000 0.00024765
0.10849038 0.00023827
0.11048076 0.00022967
0.11247115 0.00022175
0.11446153 0.00021372
0.11645192 0.00020484
0.11844230 0.00019535
0.12043269 0.00018619
0.12242307 0.00017801
0.12441346 0.00017072
0.12640384 0.00016379
0.12839423 0.00015659
0.13038461 0.00014865
0.13237499 0.00014014
0.13436538 0.00013189
0.13635576 0.00012471
0.13834615 0.00011867
0.14033653 0.00011315
0.14232692 0.00010745
0.14431730 0.00010136
0.14630769 0.00009512
0.14829807 0.00008912
0.15028846 0.00008357
0.15227884 0.00007847
0.15426922 0.00007370
0.15625961 0.00006916
0.15824999 0.00006483
0.16024038 0.00006068
0.16223076 0.00005669
0.16422115 0.00005288
0.16621153 0.00004931
0.16820192 0.00004604
0.17019230 0.00004305
0.17218268 0.00004024
0.17417307 0.00003753
0.17616345 0.00003492
0.17815384 0.00003243
0.18014422 0.00003011
0.18213461 0.00002794
0.18412499 0.00002589
0.18611538 0.00002399
0.18810576 0.00002225
0.19009615 0.00002068
0.19208653 0.00001924
0.19407691 0.00001792
0.19606730 0.00001674
0.19805768 0.00001568
0.20004807 0.00001475
0.20203845 0.00001391
0.20402884 0.00001315
0.20601922 0.00001249
0.20800961 0.00001193
0.20999999 0.00001145
0.21199038 0.00001105
0.21398076 0.00001072
0.21597114 0.00001046
0.21796153 0.00001027
0.21995191 0.00001013
0.22194230 0.00001004
0.22393268 0.00001000
0.22592307 0.00001001
0.22791345 0.00001005
0.22990384 0.00001013
0.23189422 0.00001024
0.23388461 0.00001038
0.23587499 0.00001054
0.23786537 0.00001071
0.23985576 0.00001090
0.24184614 0.00001111
0.24383653 0.00001133
0.24582691 0.00001156
0.24781730 0.00001180
0.24980768 0.00001203
0.25179807 0.00001227
0.25378845 0.00001249
0.25577884 0.00001271
0.25776922 0.00001292
0.25975960 0.00001312
0.26174999 0.00001331
0.26374037 0.00001350
0.26573076 0.00001368
0.26772114 0.00001385
0.26971153 0.00001401
0.27170191 0.00001415
0.27369230 0.00001427
0.27568268 0.00001437
0.27767306 0.00001446
0.27966345 0.00001453
0.28165383 0.00001458
0.28364422 0.00001462
0.28563460 0.00001465
0.28762499 0.00001466
0.28961537 0.00001466
0.29160576 0.00001464
0.29359614 0.00001461
0.29558653 0.00001457
0.29757691 0.00001451
0.29956729 0.00001445
