0.00300000 1.00117490
0.00499038 0.61693566
0.00698077 0.27888573
0.00897115 0.08125380
0.01096154 0.01393754
0.01295192 0.01240029
0.01494231 0.02146859
0.01693269 0.02100325
0.01892308 0.01426474
0.02091346 0.00832717
0.02290385 0.00554137
0.02489423 0.00482522
0.02688462 0.00474177
0.02887500 0.00462475
0.03086538 0.00435392
0.03285577 0.00399118
0.03484615 0.00362470
0.03683654 0.00331900
0.03882692 0.00308664
0.04081731 0.00289160
0.04280769 0.00269379
0.04479808 0.00248696
0.04678846 0.00228847
0.04877885 0.00210930
0.05076923 0.00194847
0.05275962 0.00180523
0.05475000 0.00168175
0.05674038 0.00157742
0.05873077 0.00148892
0.06072115 0.00141433
0.06271154 0.00135312
0.06470192 0.00130400
0.06669231 0.00126490
0.06868269 0.00123425
0.07067308 0.00121111
0.07266346 0.00119461
0.07465385 0.00118374
0.07664423 0.00117751
0.07863462 0.00117503
0.08062500 0.00117550
0.08261538 0.00117812
0.08460577 0.00118212
0.08659615 0.00118685
0.08858654 0.00119180
0.09057692 0.00119663
0.09256731 0.00120106
0.09455769 0.00120490
0.09654808 0.00120791
0.09853846 0.00120990
0.10052885 0.00121079
