0.00300000 1.00031623
0.00499038 0.70697036
0.00698077 0.40534882
0.00897115 0.17705503
0.01096154 0.05168496
0.01295192 0.00996703
0.01494231 0.01085707
0.01693269 0.01972713
0.01892308 0.02119853
0.02091346 0.01562399
0.02290385 0.00881692
0.02489423 0.00457930
0.02688462 0.00311992
0.02887500 0.00296224
0.03086538 0.00291674
0.03285577 0.00265263
0.03484615 0.00231215
0.03683654 0.00205522
0.03882692 0.00191268
0.04081731 0.00184323
0.04280769 0.00180407
0.04479808 0.00177055
0.04678846 0.00173038
0.04877885 0.00167975
0.05076923 0.00162320
0.05275962 0.00157002
0.05475000 0.00152720
0.05674038 0.00149437
0.05873077 0.00146517
0.06072115 0.00143307
0.06271154 0.00139639
0.06470192 0.00135838
0.06669231 0.00132302
0.06868269 0.00129077
0.07067308 0.00125820
0.07266346 0.00122174
0.07465385 0.00118144
0.07664423 0.00114104
0.07863462 0.00110415
0.08062500 0.00107097
0.08261538 0.00103890
0.08460577 0.00100579
0.08659615 0.00097186
0.08858654 0.00093845
0.09057692 0.00090604
0.09256731 0.00087397
0.09455769 0.00084175
0.09654808 0.00080985
0.09853846 0.00077906
0.10052885 0.00074973
0.10251923 0.00072185
0.10450962 0.00069546
0.10650000 0.00067061
0.10849038 0.00064698
