0.00300000 1.00015849
0.00410000 0.78987475
0.00520000 0.57259505
0.00630000 0.37600813
0.00740000 0.21887824
0.00850000 0.10885250
0.00960000 0.04338489
0.01070000 0.01294268
0.01180000 0.00512421
0.01290000 0.00832924
0.01400000 0.01408047
0.01510000 0.01774451
0.01620000 0.01796767
0.01730000 0.01544561
0.01840000 0.01164770
0.01950000 0.00790587
0.02060000 0.00499750
0.02170000 0.00313146
0.02280000 0.00214599
0.02390000 0.00174038
0.02500000 0.00163685
0.02610000 0.00164860
0.02720000 0.00167948
0.02830000 0.00169404
0.02940000 0.00168639
0.03050000 0.00165977
0.03160000 0.00161771
0.03270000 0.00156278
0.03380000 0.00149887
0.03490000 0.00143355
0.03600000 0.00137811
0.03710000 0.00134422
0.03820000 0.00133855
0.03930000 0.00135843
0.04040000 0.00139178
0.04150000 0.00142204
0.04260000 0.00143579
0.04370000 0.00142875
0.04480000 0.00140668
0.04590000 0.00138059
0.04700000 0.00135958
0.04810000 0.00134541
0.04920000 0.00133212
0.05030000 0.00131047
0.05140000 0.00127414
0.05250000 0.00122392
0.05360000 0.00116746
0.05470000 0.00111525
0.05580000 0.00107526
0.05690000 0.00104952
0.05800000 0.00103398
0.05910000 0.00102134
0.06020000 0.00100493
