0.00300000 1.00031623
0.00499038 0.61368635
0.00698077 0.27426920
0.00897115 0.07691982
0.01096154 0.01070087
0.01295192 0.00976017
0.01494231 0.01853418
0.01693269 0.01758137
0.01892308 0.01086995
0.02091346 0.00542114
0.02290385 0.00310818
0.02489423 0.00260876
0.02688462 0.00260140
0.02887500 0.00259928
0.03086538 0.00253621
0.03285577 0.00242640
0.03484615 0.00229493
0.03683654 0.00219153
0.03882692 0.00216296
0.04081731 0.00219201
0.04280769 0.00220790
0.04479808 0.00217483
0.04678846 0.00212074
0.04877885 0.00206567
0.05076923 0.00198411
0.05275962 0.00186358
0.05475000 0.00174453
0.05674038 0.00166784
0.05873077 0.00162047
0.06072115 0.00156301
0.06271154 0.00148545
0.06470192 0.00140984
0.06669231 0.00135364
0.06868269 0.00131273
0.07067308 0.00127523
0.07266346 0.00123616
0.07465385 0.00119738
0.07664423 0.00116106
0.07863462 0.00112639
0.08062500 0.00109106
0.08261538 0.00105417
0.08460577 0.00101696
0.08659615 0.00098108
0.08858654 0.00094703
0.09057692 0.00091471
0.09256731 0.00088411
0.09455769 0.00085479
0.09654808 0.00082551
0.09853846 0.00079521
0.10052885 0.00076422
0.10251923 0.00073408
0.10450962 0.00070608
0.10650000 0.00068031
0.10849038 0.00065602
