0.00300000 1.00010000
0.00410000 0.83896491
0.00520000 0.66197184
0.00630000 0.48801357
0.00740000 0.33277721
0.00850000 0.20669668
0.00960000 0.11417230
0.01070000 0.05404812
0.01180000 0.02104803
0.01290000 0.00769485
0.01400000 0.00620589
0.01510000 0.00996092
0.01620000 0.01432414
0.01730000 0.01680640
0.01840000 0.01671672
0.01950000 0.01453877
0.02060000 0.01126987
0.02170000 0.00789828
0.02280000 0.00510227
0.02390000 0.00316659
0.02500000 0.00205342
0.02610000 0.00154354
0.02720000 0.00137520
0.02830000 0.00133730
0.02940000 0.00130612
0.03050000 0.00123755
0.03160000 0.00113739
0.03270000 0.00102981
0.03380000 0.00093602
0.03490000 0.00086590
0.03600000 0.00081914
0.03710000 0.00079031
0.03820000 0.00077343
0.03930000 0.00076422
0.04040000 0.00076014
0.04150000 0.00075949
0.04260000 0.00076063
0.04370000 0.00076184
0.04480000 0.00076163
0.04590000 0.00075905
0.04700000 0.00075391
0.04810000 0.00074661
0.04920000 0.00073793
0.05030000 0.00072868
0.05140000 0.00071956
0.05250000 0.00071107
0.05360000 0.00070342
0.05470000 0.00069659
0.05580000 0.00069035
0.05690000 0.00068435
0.05800000 0.00067827
0.05910000 0.00067194
0.06020000 0.00066540
