0.00300000 1.00031623
0.00499038 0.69643231
0.00698077 0.38962818
0.00897115 0.16384311
0.01096154 0.04503776
0.01295192 0.00840595
0.01494231 0.01018821
0.01693269 0.01709312
0.01892308 0.01673913
0.02091346 0.01118530
0.02290385 0.00580656
0.02489423 0.00304244
0.02688462 0.00229244
0.02887500 0.00220586
0.03086538 0.00209436
0.03285577 0.00191273
0.03484615 0.00176887
0.03683654 0.00168670
0.03882692 0.00163563
0.04081731 0.00159455
0.04280769 0.00155891
0.04479808 0.00152738
0.04678846 0.00149819
0.04877885 0.00147001
0.05076923 0.00144085
0.05275962 0.00140842
0.05475000 0.00137267
0.05674038 0.00133649
0.05873077 0.00130339
0.06072115 0.00127475
0.06271154 0.00124883
0.06470192 0.00122215
0.06669231 0.00119209
0.06868269 0.00115862
0.07067308 0.00112362
0.07266346 0.00108899
0.07465385 0.00105578
0.07664423 0.00102461
0.07863462 0.00099573
0.08062500 0.00096821
0.08261538 0.00094011
0.08460577 0.00091006
0.08659615 0.00087871
0.08858654 0.00084788
0.09057692 0.00081865
0.09256731 0.00079077
0.09455769 0.00076369
0.09654808 0.00073751
0.09853846 0.00071265
0.10052885 0.00068905
0.10251923 0.00066619
0.10450962 0.00064368
0.10650000 0.00062164
0.10849038 0.00060041
