0.00300000 1.00006310
0.00410000 0.72066678
0.00520000 0.45683519
0.00630000 0.24694932
0.00740000 0.10777399
0.00850000 0.03509142
0.00960000 0.01082164
0.01070000 0.01261886
0.01180000 0.02188049
0.01290000 0.02776807
0.01400000 0.02708880
0.01510000 0.02156925
0.01620000 0.01456682
0.01730000 0.00873128
0.01840000 0.00513147
0.01950000 0.00352250
0.02060000 0.00307826
0.02170000 0.00302348
0.02280000 0.00292217
0.02390000 0.00266456
0.02500000 0.00231764
0.02610000 0.00198314
0.02720000 0.00172414
0.02830000 0.00155391
0.02940000 0.00145423
0.03050000 0.00139650
0.03160000 0.00135481
0.03270000 0.00131169
0.03380000 0.00126011
0.03490000 0.00120395
0.03600000 0.00115604
0.03710000 0.00113229
0.03820000 0.00114250
0.03930000 0.00118208
0.04040000 0.00123048
0.04150000 0.00125948
0.04260000 0.00124799
0.04370000 0.00119465
0.04480000 0.00111953
0.04590000 0.00105300
0.04700000 0.00101827
0.04810000 0.00101883
0.04920000 0.00103822
0.05030000 0.00105171
0.05140000 0.00104124
0.05250000 0.00100429
0.05360000 0.00095208
0.05470000 0.00090038
0.05580000 0.00085975
0.05690000 0.00083147
0.05800000 0.00080994
0.05910000 0.00078851
0.06020000 0.00076402
