0.00300000 1.00010000
0.00410000 0.77993297
0.00520000 0.55480657
0.00630000 0.35438042
0.00740000 0.19818502
0.00850000 0.09329572
0.00960000 0.03553615
0.01070000 0.01325977
0.01180000 0.01213004
0.01290000 0.01931914
0.01400000 0.02606750
0.01510000 0.02831203
0.01620000 0.02577743
0.01730000 0.02030621
0.01840000 0.01421520
0.01950000 0.00920107
0.02060000 0.00594912
0.02170000 0.00429607
0.02280000 0.00365283
0.02390000 0.00341192
0.02500000 0.00318263
0.02610000 0.00283197
0.02720000 0.00240004
0.02830000 0.00198286
0.02940000 0.00164925
0.03050000 0.00141379
0.03160000 0.00125180
0.03270000 0.00112861
0.03380000 0.00102107
0.03490000 0.00092331
0.03600000 0.00084039
0.03710000 0.00077869
0.03820000 0.00073945
0.03930000 0.00071791
0.04040000 0.00070613
0.04150000 0.00069680
0.04260000 0.00068555
0.04370000 0.00067143
0.04480000 0.00065580
0.04590000 0.00064089
0.04700000 0.00062853
0.04810000 0.00061962
0.04920000 0.00061403
0.05030000 0.00061102
0.05140000 0.00060961
0.05250000 0.00060891
0.05360000 0.00060828
0.05470000 0.00060724
0.05580000 0.00060532
0.05690000 0.00060202
0.05800000 0.00059687
0.05910000 0.00058971
0.06020000 0.00058086
