0.00300000 1.00100000
0.00499038 0.49736852
0.00698077 0.14697067
0.00897115 0.01970079
0.01096154 0.01624002
0.01295192 0.02803133
0.01494231 0.02168483
0.01693269 0.01035151
0.01892308 0.00508561
0.02091346 0.00423814
0.02290385 0.00395550
0.02489423 0.00337455
0.02688462 0.00293312
0.02887500 0.00276392
0.03086538 0.00271286
0.03285577 0.00264783
0.03484615 0.00253890
0.03683654 0.00244167
0.03882692 0.00243693
0.04081731 0.00250780
0.04280769 0.00252253
0.04479808 0.00242304
0.04678846 0.00231670
0.04877885 0.00228992
0.05076923 0.00228267
0.05275962 0.00222540
0.05475000 0.00214578
0.05674038 0.00208487
0.05873077 0.00203207
0.06072115 0.00197213
0.06271154 0.00191415
0.06470192 0.00186645
0.06669231 0.00182686
0.06868269 0.00179246
0.07067308 0.00175963
0.07266346 0.00172436
0.07465385 0.00168841
0.07664423 0.00165704
0.07863462 0.00163019
0.08062500 0.00160284
0.08261538 0.00157372
0.08460577 0.00154750
0.08659615 0.00152693
0.08858654 0.00150774
0.09057692 0.00148378
0.09256731 0.00145435
0.09455769 0.00142416
0.09654808 0.00139769
0.09853846 0.00137531
0.10052885 0.00135410
0.10251923 0.00133162
0.10450962 0.00130851
0.10650000 0.00128710
0.10849038 0.00126810
