0.00300000 1.00031623
0.00499038 0.59088550
0.00698077 0.24545076
0.00897115 0.06059641
0.01096154 0.01186564
0.01295192 0.01996828
0.01494231 0.02713040
0.01693269 0.02057562
0.01892308 0.01058877
0.02091346 0.00514501
0.02290385 0.00375128
0.02489423 0.00335288
0.02688462 0.00273726
0.02887500 0.00215070
0.03086538 0.00181159
0.03285577 0.00162057
0.03484615 0.00147931
0.03683654 0.00138355
0.03882692 0.00133320
0.04081731 0.00130318
0.04280769 0.00127378
0.04479808 0.00124337
0.04678846 0.00121721
0.04877885 0.00119613
0.05076923 0.00117509
0.05275962 0.00114889
0.05475000 0.00111801
0.05674038 0.00108819
0.05873077 0.00106488
0.06072115 0.00104807
0.06271154 0.00103299
0.06470192 0.00101528
0.06669231 0.00099402
0.06868269 0.00097016
0.07067308 0.00094460
0.07266346 0.00091862
0.07465385 0.00089375
0.07664423 0.00087025
0.07863462 0.00084714
0.08062500 0.00082405
0.08261538 0.00080135
0.08460577 0.00077871
0.08659615 0.00075527
0.08858654 0.00073114
0.09057692 0.00070749
0.09256731 0.00068524
0.09455769 0.00066423
0.09654808 0.00064377
0.09853846 0.00062351
0.10052885 0.00060397
0.10251923 0.00058619
0.10450962 0.00057041
0.10650000 0.00055541
0.10849038 0.00053975
