3.000000000000000062e-03 1.001174897554939491e+00
4.979591836734693910e-03 6.191033742094008696e-01
6.959183673469387758e-03 2.823579931617895555e-01
8.938775510204081606e-03 8.404841952091564317e-02
1.091836734693877459e-02 1.490176464528393703e-02
1.289795918367346930e-02 1.189579461527152417e-02
1.487755102040816402e-02 2.059095813955088422e-02
1.685714285714285526e-02 2.052144429622434693e-02
1.883673469387754998e-02 1.427205237605924659e-02
2.081632653061224469e-02 8.554523772656032546e-03
2.279591836734693941e-02 5.747104980406590388e-03
2.477551020408163066e-02 4.924638111003555585e-03
2.675510204081632537e-02 4.749684535792428330e-03
2.873469387755102009e-02 4.582574529788474224e-03
3.071428571428571133e-02 4.298321016700031028e-03
3.269387755102040605e-02 3.945435426072403662e-03
3.467346938775510423e-02 3.600203440470012197e-03
3.665306122448979548e-02 3.321589712599797538e-03
3.863265306122449366e-02 3.116319749981906646e-03
4.061224489795918491e-02 2.936752509032367411e-03
4.259183673469388309e-02 2.736398530846466306e-03
4.457142857142857434e-02 2.519383659462621269e-03
4.655102040816326558e-02 2.319365308284977722e-03
4.853061224489796377e-02 2.148667071119337788e-03
5.051020408163265502e-02 1.992492284451930981e-03
5.248979591836734626e-02 1.841093581509203663e-03
5.446938775510204445e-02 1.703143934555907983e-03
5.644897959183673569e-02 1.589343656859398260e-03
5.842857142857142694e-02 1.499140213774568728e-03
6.040816326530612512e-02 1.425509522396444396e-03
6.238775510204081637e-02 1.363636354977817641e-03
6.436734693877550761e-02 1.312199958332441402e-03
6.634693877551020580e-02 1.270700659780122505e-03
6.832653061224490398e-02 1.238248274215851151e-03
7.030612244897958829e-02 1.213840428892568046e-03
7.228571428571428648e-02 1.196480361377424279e-03
7.426530612244898466e-02 1.185023554862332622e-03
7.624489795918366897e-02 1.178279071144615548e-03
7.822448979591836715e-02 1.175258396281792742e-03
8.020408163265306534e-02 1.175183106706924113e-03
8.218367346938776352e-02 1.177325458443454756e-03
8.416326530612244783e-02 1.180988649326757730e-03
8.614285714285714601e-02 1.185580034360096463e-03
8.812244897959184420e-02 1.190576618918002616e-03
9.010204081632652851e-02 1.195475909825494554e-03
9.208163265306122669e-02 1.199890852649528137e-03
9.406122448979592487e-02 1.203659129960896581e-03
9.604081632653060918e-02 1.206768181455722833e-03
9.802040816326530737e-02 1.209152844297333015e-03
1.000000000000000056e-01 1.210599498657972039e-03
