3.000000000000000062e-03 1.000309029543251294e+00
4.979591836734693910e-03 4.497292833562782643e-01
6.959183673469387758e-03 1.113037657864687363e-01
8.938775510204081606e-03 1.761046190040903292e-02
1.091836734693877459e-02 2.436337208130738563e-02
1.289795918367346930e-02 2.647276436351663279e-02
1.487755102040816402e-02 1.458653963193945469e-02
1.685714285714285526e-02 6.533975754724669072e-03
1.883673469387754998e-02 4.285332035197745963e-03
2.081632653061224469e-02 3.107913820781321723e-03
2.279591836734693941e-02 2.112963408692979453e-03
2.477551020408163066e-02 1.676451824996239969e-03
2.675510204081632537e-02 1.444671394606263917e-03
2.873469387755102009e-02 1.263615035985374887e-03
3.071428571428571133e-02 1.175934602479152945e-03
3.269387755102040605e-02 1.108954774882664430e-03
3.467346938775510423e-02 1.039063462918128535e-03
3.665306122448979548e-02 9.828909887532734195e-04
3.863265306122449366e-02 9.139808391594618628e-04
4.061224489795918491e-02 8.310580884475436388e-04
4.259183673469388309e-02 7.604257735119486234e-04
4.457142857142857434e-02 7.028176219798328754e-04
4.655102040816326558e-02 6.482374782152840707e-04
4.853061224489796377e-02 5.971856428074287819e-04
5.051020408163265502e-02 5.516132383847388750e-04
5.248979591836734626e-02 5.111542128984412729e-04
5.446938775510204445e-02 4.748911593615881251e-04
5.644897959183673569e-02 4.417939236855257480e-04
5.842857142857142694e-02 4.126463988469596025e-04
6.040816326530612512e-02 3.886785312031371901e-04
6.238775510204081637e-02 3.691964233158246886e-04
6.436734693877550761e-02 3.530635206183808483e-04
6.634693877551020580e-02 3.399941961143021366e-04
6.832653061224490398e-02 3.297680216690014230e-04
7.030612244897958829e-02 3.219548714910399245e-04
7.228571428571428648e-02 3.162396512748621709e-04
7.426530612244898466e-02 3.123957743093753862e-04
7.624489795918366897e-02 3.101412988913734002e-04
7.822448979591836715e-02 3.091474685083294219e-04
8.020408163265306534e-02 3.091233374611882944e-04
8.218367346938776352e-02 3.098369668468826856e-04
8.416326530612244783e-02 3.110764182461670034e-04
8.614285714285714601e-02 3.126181706539168546e-04
8.812244897959184420e-02 3.142486201140232182e-04
9.010204081632652851e-02 3.158542844608112042e-04
9.208163265306122669e-02 3.173907947061739912e-04
9.406122448979592487e-02 3.187325700471984745e-04
9.604081632653060918e-02 3.197451505691704899e-04
9.802040816326530737e-02 3.204514394047467719e-04
1.000000000000000056e-01 3.209141947258870508e-04
