0.00300000 1.00000000
0.00410000 0.78991240
0.00520000 0.57275946
0.00630000 0.37620195
0.00740000 0.21901627
0.00850000 0.10889151
0.00960000 0.04333159
0.01070000 0.01283945
0.01180000 0.00502202
0.01290000 0.00826183
0.01400000 0.01405128
0.01510000 0.01773011
0.01620000 0.01793333
0.01730000 0.01536364
0.01840000 0.01150957
0.01950000 0.00772371
0.02060000 0.00479636
0.02170000 0.00293772
0.02280000 0.00197780
0.02390000 0.00160363
0.02500000 0.00152676
0.02610000 0.00155432
0.02720000 0.00158891
0.02830000 0.00159692
0.02940000 0.00157550
0.03050000 0.00153123
0.03160000 0.00147104
0.03270000 0.00140086
0.03380000 0.00132734
0.03490000 0.00125928
0.03600000 0.00120692
0.03710000 0.00117883
0.03820000 0.00117777
0.03930000 0.00119808
0.04040000 0.00122689
0.04150000 0.00124917
0.04260000 0.00125433
0.04370000 0.00124074
0.04480000 0.00121536
0.04590000 0.00118885
0.04700000 0.00116893
0.04810000 0.00115605
0.04920000 0.00114361
0.05030000 0.00112251
0.05140000 0.00108691
0.05250000 0.00103783
0.05360000 0.00098272
0.05470000 0.00093152
0.05580000 0.00089178
0.05690000 0.00086547
0.05800000 0.00084896
0.05910000 0.00083563
0.06020000 0.00081942
