0.00300000 1.00000000
0.00410000 0.83881879
0.00520000 0.66177773
0.00630000 0.48777720
0.00740000 0.33251117
0.00850000 0.20641869
0.00960000 0.11390252
0.01070000 0.05380597
0.01180000 0.02084895
0.01290000 0.00754760
0.01400000 0.00611101
0.01510000 0.00991073
0.01620000 0.01430447
0.01730000 0.01679966
0.01840000 0.01670568
0.01950000 0.01451006
0.02060000 0.01121630
0.02170000 0.00781937
0.02280000 0.00500302
0.02390000 0.00305495
0.02500000 0.00193734
0.02610000 0.00142864
0.02720000 0.00126366
0.02830000 0.00122820
0.02940000 0.00119686
0.03050000 0.00112570
0.03160000 0.00102215
0.03270000 0.00091255
0.03380000 0.00081981
0.03490000 0.00075433
0.03600000 0.00071496
0.03710000 0.00069444
0.03820000 0.00068473
0.03930000 0.00067998
0.04040000 0.00067708
0.04150000 0.00067483
0.04260000 0.00067283
0.04370000 0.00067080
0.04480000 0.00066835
0.04590000 0.00066504
0.04700000 0.00066052
0.04810000 0.00065459
0.04920000 0.00064726
0.05030000 0.00063876
0.05140000 0.00062956
0.05250000 0.00062024
0.05360000 0.00061140
0.05470000 0.00060345
0.05580000 0.00059652
0.05690000 0.00059045
0.05800000 0.00058488
0.05910000 0.00057942
0.06020000 0.00057379
