0.00300000 1.00000000
0.00410000 0.72081431
0.00520000 0.45713374
0.00630000 0.24729609
0.00740000 0.10805890
0.00850000 0.03523493
0.00960000 0.01079936
0.01070000 0.01246327
0.01180000 0.02166021
0.01290000 0.02755561
0.01400000 0.02693243
0.01510000 0.02148096
0.01620000 0.01452886
0.01730000 0.00871417
0.01840000 0.00511186
0.01950000 0.00349199
0.02060000 0.00304139
0.02170000 0.00298936
0.02280000 0.00289673
0.02390000 0.00264766
0.02500000 0.00230532
0.02610000 0.00197167
0.02720000 0.00171269
0.02830000 0.00154427
0.02940000 0.00144844
0.03050000 0.00139441
0.03160000 0.00135305
0.03270000 0.00130453
0.03380000 0.00124167
0.03490000 0.00117084
0.03600000 0.00110931
0.03710000 0.00107775
0.03820000 0.00108904
0.03930000 0.00113823
0.04040000 0.00120084
0.04150000 0.00124268
0.04260000 0.00123757
0.04370000 0.00118243
0.04480000 0.00109955
0.04590000 0.00102376
0.04700000 0.00098200
0.04810000 0.00097858
0.04920000 0.00099508
0.05030000 0.00100398
0.05140000 0.00098617
0.05250000 0.00094073
0.05360000 0.00088222
0.05470000 0.00082902
0.05580000 0.00079182
0.05690000 0.00076947
0.05800000 0.00075300
0.05910000 0.00073346
0.06020000 0.00070752
