0.00300000 1.00000000
0.00410000 0.77958276
0.00520000 0.55425790
0.00630000 0.35372963
0.00740000 0.19754175
0.00850000 0.09275257
0.00960000 0.03514870
0.01070000 0.01304080
0.01180000 0.01205629
0.01290000 0.01934509
0.01400000 0.02614022
0.01510000 0.02838293
0.01620000 0.02580967
0.01730000 0.02027825
0.01840000 0.01412158
0.01950000 0.00905105
0.02060000 0.00576313
0.02170000 0.00410005
0.02280000 0.00347130
0.02390000 0.00326157
0.02500000 0.00306852
0.02610000 0.00274772
0.02720000 0.00233187
0.02830000 0.00191565
0.02940000 0.00157217
0.03050000 0.00132334
0.03160000 0.00115138
0.03270000 0.00102533
0.03380000 0.00092167
0.03490000 0.00083096
0.03600000 0.00075373
0.03710000 0.00069294
0.03820000 0.00064893
0.03930000 0.00061859
0.04040000 0.00059719
0.04150000 0.00058071
0.04260000 0.00056694
0.04370000 0.00055532
0.04480000 0.00054593
0.04590000 0.00053873
0.04700000 0.00053314
0.04810000 0.00052823
0.04920000 0.00052311
0.05030000 0.00051724
0.05140000 0.00051060
0.05250000 0.00050364
0.05360000 0.00049698
0.05470000 0.00049120
0.05580000 0.00048654
0.05690000 0.00048286
0.05800000 0.00047971
0.05910000 0.00047648
0.06020000 0.00047267
